# Monotonic EV sanity checks

Model: C:\Users\mattt\Documents\MatthewPrograms\RiichiMahjongPlacementEV\models\experiments\sklearn_nn\joint_v1_smoke\model.joblib
Feature version: nn_joint_v1
Target mode: joint_direct_ev
Tolerance: 0.050

## S4 seat2 chases seat3 from 14400-15600
delta_pts	scores	player_ev	all_evs
0	(40000, 30000, 14400, 15600)	-49.776	+104.839, +34.493, -49.776, -89.556
100	(40000, 30000, 14500, 15500)	-49.237	+104.957, +34.641, -49.237, -90.362
200	(40000, 30000, 14600, 15400)	-48.721	+105.036, +34.836, -48.721, -91.151
300	(40000, 30000, 14700, 15300)	-48.193	+105.116, +35.036, -48.193, -91.958
400	(40000, 30000, 14800, 15200)	-47.666	+105.196, +35.236, -47.666, -92.766
500	(40000, 30000, 14900, 15100)	-47.143	+105.281, +35.436, -47.143, -93.574
600	(40000, 30000, 15000, 15000)	-46.620	+105.365, +35.637, -46.620, -94.382
700	(40000, 30000, 15100, 14900)	-46.241	+105.307, +35.700, -46.241, -94.767
800	(40000, 30000, 15200, 14800)	-45.861	+105.250, +35.764, -45.861, -95.152
900	(40000, 30000, 15300, 14700)	-45.482	+105.192, +35.827, -45.482, -95.537
1000	(40000, 30000, 15400, 14600)	-45.047	+105.104, +35.871, -45.047, -95.928
1100	(40000, 30000, 15500, 14500)	-44.587	+105.002, +35.906, -44.587, -96.321
1200	(40000, 30000, 15600, 14400)	-44.129	+104.902, +35.942, -44.129, -96.715
Violations: 0

## S1 seat2 chases seat3 from 14900-15100
delta_pts	scores	player_ev	all_evs
0	(35000, 35000, 14900, 15100)	-71.058	+47.930, +75.272, -71.058, -52.144
100	(35000, 35000, 15000, 15000)	-70.299	+47.729, +75.328, -70.299, -52.759
200	(35000, 35000, 15100, 14900)	-69.817	+47.639, +75.522, -69.817, -53.343
300	(35000, 35000, 15200, 14800)	-69.336	+47.549, +75.715, -69.336, -53.928
400	(35000, 35000, 15300, 14700)	-68.855	+47.460, +75.908, -68.855, -54.512
Violations: 0

Total violations: 0
