# Monotonic EV sanity checks

Model: C:\Users\mattt\Documents\MatthewPrograms\RiichiMahjongPlacementEV\models\experiments\torch_nn\joint_v1\model.pt
Feature version: torch_joint_v1
Target mode: joint_direct_ev_zero_sum
Tolerance: 0.050
Random cases: 100

## S4 seat2 chases seat3 from 14400-15600
delta_pts	scores	player_ev	all_evs
0	(40000, 30000, 14400, 15600)	-78.276	+95.060, +50.441, -78.276, -67.224
100	(40000, 30000, 14500, 15500)	-76.430	+95.001, +50.242, -76.430, -68.812
200	(40000, 30000, 14600, 15400)	-74.561	+94.909, +50.037, -74.561, -70.384
300	(40000, 30000, 14700, 15300)	-72.618	+94.770, +49.787, -72.618, -71.940
400	(40000, 30000, 14800, 15200)	-70.630	+94.567, +49.505, -70.630, -73.442
500	(40000, 30000, 14900, 15100)	-68.639	+94.298, +49.201, -68.639, -74.861
600	(40000, 30000, 15000, 15000)	-66.630	+93.964, +48.877, -66.630, -76.211
700	(40000, 30000, 15100, 14900)	-65.232	+94.287, +48.996, -65.232, -78.052
800	(40000, 30000, 15200, 14800)	-63.799	+94.600, +49.050, -63.799, -79.850
900	(40000, 30000, 15300, 14700)	-62.389	+94.883, +49.081, -62.389, -81.575
1000	(40000, 30000, 15400, 14600)	-60.983	+95.139, +49.086, -60.983, -83.242
1100	(40000, 30000, 15500, 14500)	-59.572	+95.366, +49.066, -59.572, -84.860
1200	(40000, 30000, 15600, 14400)	-58.161	+95.561, +49.028, -58.161, -86.428
Violations: 0

## S1 seat2 chases seat3 from 14900-15100
delta_pts	scores	player_ev	all_evs
0	(35000, 35000, 14900, 15100)	-55.971	+52.137, +59.756, -55.971, -55.922
100	(35000, 35000, 15000, 15000)	-55.091	+51.956, +59.549, -55.091, -56.415
200	(35000, 35000, 15100, 14900)	-54.652	+52.049, +59.751, -54.652, -57.148
300	(35000, 35000, 15200, 14800)	-54.204	+52.151, +59.940, -54.204, -57.887
400	(35000, 35000, 15300, 14700)	-53.804	+52.252, +60.124, -53.804, -58.572
Violations: 0

## random 0: seat0 gains from seat1
delta_pts	scores	player_ev	all_evs
0	(24100, 18000, 34300, 23600)	+0.320	+0.320, -49.328, +50.615, -1.607
100	(24200, 17900, 34300, 23600)	+0.871	+0.871, -49.974, +50.657, -1.554
200	(24300, 17800, 34300, 23600)	+1.411	+1.411, -50.598, +50.702, -1.515
300	(24400, 17700, 34300, 23600)	+1.936	+1.936, -51.203, +50.749, -1.482
400	(24500, 17600, 34300, 23600)	+2.482	+2.482, -51.809, +50.795, -1.468
500	(24600, 17500, 34300, 23600)	+3.030	+3.030, -52.406, +50.838, -1.461
600	(24700, 17400, 34300, 23600)	+3.604	+3.604, -53.007, +50.866, -1.463
Violations: 0

## random 1: seat2 gains from seat0
delta_pts	scores	player_ev	all_evs
0	(24500, 24700, 26100, 24700)	-0.159	+0.054, +0.504, -0.159, -0.400
100	(24400, 24700, 26200, 24700)	-0.158	+0.052, +0.508, -0.158, -0.402
200	(24300, 24700, 26300, 24700)	-0.158	+0.048, +0.514, -0.158, -0.404
300	(24200, 24700, 26400, 24700)	-0.146	+0.031, +0.518, -0.146, -0.403
400	(24100, 24700, 26500, 24700)	-0.131	+0.010, +0.521, -0.131, -0.400
500	(24000, 24700, 26600, 24700)	-0.115	-0.013, +0.525, -0.115, -0.397
600	(23900, 24700, 26700, 24700)	-0.096	-0.038, +0.529, -0.096, -0.395
Violations: 0

## random 2: seat1 gains from seat0
delta_pts	scores	player_ev	all_evs
0	(55500, 12600, 11100, 20800)	-59.959	+112.915, -59.959, -70.778, +17.822
100	(55400, 12700, 11100, 20800)	-59.307	+112.906, -59.307, -71.327, +17.729
200	(55300, 12800, 11100, 20800)	-58.649	+112.892, -58.649, -71.877, +17.634
300	(55200, 12900, 11100, 20800)	-57.982	+112.875, -57.982, -72.431, +17.538
400	(55100, 13000, 11100, 20800)	-57.283	+112.853, -57.283, -73.012, +17.442
500	(55000, 13100, 11100, 20800)	-56.565	+112.822, -56.565, -73.608, +17.352
600	(54900, 13200, 11100, 20800)	-55.842	+112.787, -55.842, -74.205, +17.260
Violations: 0

## random 3: seat0 gains from seat3
delta_pts	scores	player_ev	all_evs
0	(16100, 36900, 25100, 21900)	-67.082	-67.082, +72.899, +9.889, -15.706
100	(16200, 36900, 25100, 21800)	-65.910	-65.910, +72.755, +9.964, -16.809
200	(16300, 36900, 25100, 21700)	-64.705	-64.705, +72.617, +10.035, -17.948
300	(16400, 36900, 25100, 21600)	-63.477	-63.477, +72.481, +10.120, -19.123
400	(16500, 36900, 25100, 21500)	-62.260	-62.260, +72.332, +10.151, -20.223
500	(16600, 36900, 25100, 21400)	-61.007	-61.007, +72.167, +10.135, -21.294
600	(16700, 36900, 25100, 21300)	-59.812	-59.812, +71.952, +10.066, -22.206
Violations: 0

## random 4: seat0 gains from seat3
delta_pts	scores	player_ev	all_evs
0	(18100, 22000, 31900, 27000)	-49.353	-49.353, -19.225, +46.280, +22.299
100	(18200, 22000, 31900, 26900)	-48.814	-48.814, -19.319, +46.408, +21.724
200	(18300, 22000, 31900, 26800)	-48.292	-48.292, -19.455, +46.569, +21.177
300	(18400, 22000, 31900, 26700)	-47.755	-47.755, -19.599, +46.732, +20.621
400	(18500, 22000, 31900, 26600)	-47.197	-47.197, -19.759, +46.892, +20.064
500	(18600, 22000, 31900, 26500)	-46.635	-46.635, -19.905, +47.012, +19.527
600	(18700, 22000, 31900, 26400)	-46.039	-46.039, -20.050, +47.132, +18.957
Violations: 0

## random 5: seat3 gains from seat0
delta_pts	scores	player_ev	all_evs
0	(32800, 19800, 25000, 22400)	-16.222	+46.644, -35.334, +4.912, -16.222
100	(32700, 19800, 25000, 22500)	-15.638	+46.293, -35.546, +4.891, -15.638
200	(32600, 19800, 25000, 22600)	-15.060	+45.930, -35.731, +4.861, -15.060
300	(32500, 19800, 25000, 22700)	-14.475	+45.550, -35.907, +4.832, -14.475
400	(32400, 19800, 25000, 22800)	-13.870	+45.149, -36.080, +4.801, -13.870
500	(32300, 19800, 25000, 22900)	-13.272	+44.747, -36.246, +4.771, -13.272
600	(32200, 19800, 25000, 23000)	-12.661	+44.325, -36.412, +4.749, -12.661
Violations: 0

## random 6: seat0 gains from seat1
delta_pts	scores	player_ev	all_evs
0	(23300, 21600, 32500, 22600)	-6.997	-6.997, -24.012, +44.128, -13.119
100	(23400, 21500, 32500, 22600)	-6.591	-6.591, -24.712, +44.256, -12.953
200	(23500, 21400, 32500, 22600)	-6.201	-6.201, -25.403, +44.383, -12.779
300	(23600, 21300, 32500, 22600)	-5.815	-5.815, -26.083, +44.500, -12.602
400	(23700, 21200, 32500, 22600)	-5.403	-5.403, -26.776, +44.613, -12.433
500	(23800, 21100, 32500, 22600)	-4.971	-4.971, -27.498, +44.726, -12.257
600	(23900, 21000, 32500, 22600)	-4.546	-4.546, -28.205, +44.829, -12.078
Violations: 0

## random 7: seat1 gains from seat0
delta_pts	scores	player_ev	all_evs
0	(25000, 25000, 25000, 25000)	+0.507	+0.052, +0.507, -0.158, -0.401
100	(24900, 25100, 25000, 25000)	+0.513	+0.048, +0.513, -0.158, -0.404
200	(24800, 25200, 25000, 25000)	+0.518	+0.045, +0.518, -0.157, -0.406
300	(24700, 25300, 25000, 25000)	+0.525	+0.041, +0.525, -0.156, -0.409
400	(24600, 25400, 25000, 25000)	+0.532	+0.037, +0.532, -0.156, -0.413
500	(24500, 25500, 25000, 25000)	+0.539	+0.033, +0.539, -0.155, -0.417
600	(24400, 25600, 25000, 25000)	+0.547	+0.028, +0.547, -0.154, -0.421
Violations: 0

## random 8: seat0 gains from seat3
delta_pts	scores	player_ev	all_evs
0	(20000, 23000, 23000, 34000)	-30.381	-30.381, -10.008, -9.407, +49.795
100	(20100, 23000, 23000, 33900)	-29.948	-29.948, -10.190, -9.418, +49.556
200	(20200, 23000, 23000, 33800)	-29.516	-29.516, -10.371, -9.424, +49.312
300	(20300, 23000, 23000, 33700)	-29.081	-29.081, -10.555, -9.421, +49.057
400	(20400, 23000, 23000, 33600)	-28.642	-28.642, -10.739, -9.419, +48.800
500	(20500, 23000, 23000, 33500)	-28.198	-28.198, -10.926, -9.416, +48.539
600	(20600, 23000, 23000, 33400)	-27.746	-27.746, -11.110, -9.412, +48.267
Violations: 0

## random 9: seat1 gains from seat3
delta_pts	scores	player_ev	all_evs
0	(9500, 30000, 40800, 19700)	+44.054	-119.395, +44.054, +92.132, -16.791
100	(9500, 30100, 40800, 19600)	+44.393	-119.160, +44.393, +92.061, -17.295
200	(9500, 30200, 40800, 19500)	+44.732	-118.919, +44.732, +91.987, -17.800
300	(9500, 30300, 40800, 19400)	+45.069	-118.675, +45.069, +91.910, -18.303
400	(9500, 30400, 40800, 19300)	+45.403	-118.428, +45.403, +91.830, -18.805
500	(9500, 30500, 40800, 19200)	+45.732	-118.184, +45.732, +91.746, -19.294
600	(9500, 30600, 40800, 19100)	+46.058	-117.924, +46.058, +91.662, -19.796
Violations: 0

## random 10: seat3 gains from seat0
delta_pts	scores	player_ev	all_evs
0	(10800, 25800, 33000, 30400)	+54.276	-138.145, +11.276, +72.594, +54.276
100	(10700, 25800, 33000, 30500)	+54.681	-138.274, +11.278, +72.314, +54.681
200	(10600, 25800, 33000, 30600)	+55.083	-138.391, +11.281, +72.027, +55.083
300	(10500, 25800, 33000, 30700)	+55.498	-138.495, +11.280, +71.717, +55.498
400	(10400, 25800, 33000, 30800)	+55.916	-138.586, +11.276, +71.395, +55.916
500	(10300, 25800, 33000, 30900)	+56.326	-138.667, +11.270, +71.071, +56.326
600	(10200, 25800, 33000, 31000)	+56.727	-138.737, +11.264, +70.746, +56.727
Violations: 0

## random 11: seat3 gains from seat2
delta_pts	scores	player_ev	all_evs
0	(32800, 22400, 22400, 22400)	-17.073	+45.208, -14.631, -13.504, -17.073
100	(32800, 22400, 22300, 22500)	-16.126	+45.276, -14.634, -14.516, -16.126
200	(32800, 22400, 22200, 22600)	-15.166	+45.337, -14.643, -15.527, -15.166
300	(32800, 22400, 22100, 22700)	-14.245	+45.369, -14.628, -16.495, -14.245
400	(32800, 22400, 22000, 22800)	-13.327	+45.371, -14.618, -17.426, -13.327
500	(32800, 22400, 21900, 22900)	-12.482	+45.346, -14.617, -18.247, -12.482
600	(32800, 22400, 21800, 23000)	-11.695	+45.328, -14.630, -19.004, -11.695
Violations: 0

## random 12: seat2 gains from seat0
delta_pts	scores	player_ev	all_evs
0	(32700, 25000, 17300, 25000)	-43.566	+39.199, +2.557, -43.566, +1.809
100	(32600, 25000, 17400, 25000)	-43.234	+38.948, +2.457, -43.234, +1.829
200	(32500, 25000, 17500, 25000)	-42.917	+38.698, +2.363, -42.917, +1.856
300	(32400, 25000, 17600, 25000)	-42.604	+38.446, +2.274, -42.604, +1.884
400	(32300, 25000, 17700, 25000)	-42.279	+38.183, +2.183, -42.279, +1.913
500	(32200, 25000, 17800, 25000)	-41.943	+37.909, +2.088, -41.943, +1.946
600	(32100, 25000, 17900, 25000)	-41.603	+37.629, +1.992, -41.603, +1.981
Violations: 0

## random 13: seat1 gains from seat3
delta_pts	scores	player_ev	all_evs
0	(34600, 7700, 14600, 43100)	-120.312	+61.272, -120.312, -34.215, +93.255
100	(34600, 7800, 14600, 43000)	-120.053	+61.368, -120.053, -34.522, +93.207
200	(34600, 7900, 14600, 42900)	-119.804	+61.464, -119.804, -34.816, +93.155
300	(34600, 8000, 14600, 42800)	-119.554	+61.559, -119.554, -35.103, +93.098
400	(34600, 8100, 14600, 42700)	-119.304	+61.652, -119.304, -35.384, +93.036
500	(34600, 8200, 14600, 42600)	-119.062	+61.754, -119.062, -35.692, +92.999
600	(34600, 8300, 14600, 42500)	-118.815	+61.860, -118.815, -36.008, +92.963
Violations: 0

## random 14: seat3 gains from seat1
delta_pts	scores	player_ev	all_evs
0	(38400, 20300, 38000, 3300)	-125.994	+67.866, -13.394, +71.522, -125.994
100	(38400, 20200, 38000, 3400)	-125.757	+67.927, -13.741, +71.571, -125.757
200	(38400, 20100, 38000, 3500)	-125.509	+67.994, -14.108, +71.623, -125.509
300	(38400, 20000, 38000, 3600)	-125.255	+68.060, -14.477, +71.672, -125.255
400	(38400, 19900, 38000, 3700)	-124.989	+68.134, -14.863, +71.718, -124.989
500	(38400, 19800, 38000, 3800)	-124.709	+68.226, -15.290, +71.773, -124.709
600	(38400, 19700, 38000, 3900)	-124.418	+68.321, -15.727, +71.825, -124.418
Violations: 0

## random 15: seat2 gains from seat0
delta_pts	scores	player_ev	all_evs
0	(7800, 33100, 37800, 21300)	+72.271	-111.938, +50.376, +72.271, -10.708
100	(7700, 33100, 37900, 21300)	+72.731	-112.577, +50.462, +72.731, -10.617
200	(7600, 33100, 38000, 21300)	+73.190	-113.196, +50.546, +73.190, -10.539
300	(7500, 33100, 38100, 21300)	+73.645	-113.810, +50.626, +73.645, -10.460
400	(7400, 33100, 38200, 21300)	+74.098	-114.423, +50.706, +74.098, -10.382
500	(7300, 33100, 38300, 21300)	+74.543	-115.022, +50.782, +74.543, -10.302
600	(7200, 33100, 38400, 21300)	+74.980	-115.609, +50.852, +74.980, -10.223
Violations: 0

## random 16: seat1 gains from seat2
delta_pts	scores	player_ev	all_evs
0	(25000, 25000, 25000, 25000)	+0.507	+0.052, +0.507, -0.158, -0.401
100	(25000, 25100, 24900, 25000)	+0.510	+0.050, +0.510, -0.158, -0.402
200	(25000, 25200, 24800, 25000)	+0.513	+0.048, +0.513, -0.157, -0.404
300	(25000, 25300, 24700, 25000)	+0.516	+0.046, +0.516, -0.157, -0.405
400	(25000, 25400, 24600, 25000)	+0.519	+0.045, +0.519, -0.157, -0.407
500	(25000, 25500, 24500, 25000)	+0.522	+0.043, +0.522, -0.156, -0.408
600	(25000, 25600, 24400, 25000)	+0.525	+0.041, +0.525, -0.156, -0.410
Violations: 0

## random 17: seat0 gains from seat1
delta_pts	scores	player_ev	all_evs
0	(18900, 20200, 27400, 33500)	-71.796	-71.796, -47.950, +39.770, +79.975
100	(19000, 20100, 27400, 33500)	-69.440	-69.440, -50.660, +39.862, +80.237
200	(19100, 20000, 27400, 33500)	-66.970	-66.970, -53.384, +39.922, +80.433
300	(19200, 19900, 27400, 33500)	-64.415	-64.415, -56.103, +39.942, +80.576
400	(19300, 19800, 27400, 33500)	-61.770	-61.770, -58.823, +39.889, +80.704
500	(19400, 19700, 27400, 33500)	-59.114	-59.114, -61.478, +39.774, +80.819
600	(19500, 19600, 27400, 33500)	-56.392	-56.392, -64.074, +39.603, +80.863
Violations: 0

## random 18: seat3 gains from seat0
delta_pts	scores	player_ev	all_evs
0	(21800, 28000, 27700, 22500)	-26.272	-31.116, +30.835, +26.554, -26.272
100	(21700, 28000, 27700, 22600)	-25.445	-32.310, +31.051, +26.705, -25.445
200	(21600, 28000, 27700, 22700)	-24.517	-33.453, +31.186, +26.784, -24.517
300	(21500, 28000, 27700, 22800)	-23.532	-34.628, +31.314, +26.846, -23.532
400	(21400, 28000, 27700, 22900)	-22.417	-35.882, +31.448, +26.851, -22.417
500	(21300, 28000, 27700, 23000)	-21.304	-37.118, +31.557, +26.865, -21.304
600	(21200, 28000, 27700, 23100)	-20.156	-38.334, +31.636, +26.854, -20.156
Violations: 0

## random 19: seat2 gains from seat1
delta_pts	scores	player_ev	all_evs
0	(47200, 24600, 4600, 23600)	-108.184	+87.800, +17.098, -108.184, +3.286
100	(47200, 24500, 4700, 23600)	-107.705	+87.755, +16.524, -107.705, +3.425
200	(47200, 24400, 4800, 23600)	-107.217	+87.705, +15.948, -107.217, +3.564
300	(47200, 24300, 4900, 23600)	-106.713	+87.654, +15.349, -106.713, +3.710
400	(47200, 24200, 5000, 23600)	-106.197	+87.602, +14.728, -106.197, +3.867
500	(47200, 24100, 5100, 23600)	-105.670	+87.547, +14.101, -105.670, +4.021
600	(47200, 24000, 5200, 23600)	-105.135	+87.485, +13.455, -105.135, +4.195
Violations: 0

## random 20: seat2 gains from seat0
delta_pts	scores	player_ev	all_evs
0	(12700, 32300, 26500, 28500)	+6.141	-82.827, +49.932, +6.141, +26.754
100	(12600, 32300, 26600, 28500)	+6.611	-83.547, +50.125, +6.611, +26.810
200	(12500, 32300, 26700, 28500)	+7.122	-84.295, +50.314, +7.122, +26.858
300	(12400, 32300, 26800, 28500)	+7.675	-85.044, +50.483, +7.675, +26.886
400	(12300, 32300, 26900, 28500)	+8.219	-85.783, +50.642, +8.219, +26.921
500	(12200, 32300, 27000, 28500)	+8.764	-86.510, +50.789, +8.764, +26.956
600	(12100, 32300, 27100, 28500)	+9.315	-87.229, +50.935, +9.315, +26.979
Violations: 0

## random 21: seat3 gains from seat2
delta_pts	scores	player_ev	all_evs
0	(10100, 51600, 11900, 26400)	+30.278	-71.512, +99.586, -58.351, +30.278
100	(10100, 51600, 11800, 26500)	+30.546	-71.295, +99.444, -58.695, +30.546
200	(10100, 51600, 11700, 26600)	+30.810	-71.072, +99.303, -59.042, +30.810
300	(10100, 51600, 11600, 26700)	+31.070	-70.851, +99.162, -59.381, +31.070
400	(10100, 51600, 11500, 26800)	+31.327	-70.629, +99.022, -59.721, +31.327
500	(10100, 51600, 11400, 26900)	+31.584	-70.385, +98.882, -60.081, +31.584
600	(10100, 51600, 11300, 27000)	+31.841	-70.164, +98.744, -60.421, +31.841
Violations: 0

## random 22: seat0 gains from seat2
delta_pts	scores	player_ev	all_evs
0	(29100, 15000, 23000, 32900)	+28.136	+28.136, -67.608, -9.032, +48.503
100	(29200, 15000, 22900, 32900)	+28.635	+28.635, -67.517, -9.643, +48.525
200	(29300, 15000, 22800, 32900)	+29.133	+29.133, -67.425, -10.253, +48.545
300	(29400, 15000, 22700, 32900)	+29.614	+29.614, -67.344, -10.824, +48.554
400	(29500, 15000, 22600, 32900)	+30.091	+30.091, -67.294, -11.358, +48.560
500	(29600, 15000, 22500, 32900)	+30.568	+30.568, -67.240, -11.889, +48.561
600	(29700, 15000, 22400, 32900)	+31.047	+31.047, -67.178, -12.428, +48.558
Violations: 0

## random 23: seat0 gains from seat3
delta_pts	scores	player_ev	all_evs
0	(8900, 12700, 32800, 44600)	-97.897	-97.897, -58.159, +58.468, +97.587
100	(9000, 12700, 32800, 44500)	-97.206	-97.206, -58.896, +58.630, +97.472
200	(9100, 12700, 32800, 44400)	-96.516	-96.516, -59.634, +58.794, +97.355
300	(9200, 12700, 32800, 44300)	-95.836	-95.836, -60.395, +58.976, +97.255
400	(9300, 12700, 32800, 44200)	-95.119	-95.119, -61.189, +59.155, +97.153
500	(9400, 12700, 32800, 44100)	-94.394	-94.394, -62.008, +59.339, +97.063
600	(9500, 12700, 32800, 44000)	-93.683	-93.683, -62.814, +59.519, +96.978
Violations: 0

## random 24: seat2 gains from seat3
delta_pts	scores	player_ev	all_evs
0	(27400, 23900, 30800, 17900)	+41.621	+19.576, -6.064, +41.621, -55.132
100	(27400, 23900, 30900, 17800)	+42.149	+19.546, -6.037, +42.149, -55.658
200	(27400, 23900, 31000, 17700)	+42.668	+19.521, -5.999, +42.668, -56.190
300	(27400, 23900, 31100, 17600)	+43.178	+19.492, -5.957, +43.178, -56.713
400	(27400, 23900, 31200, 17500)	+43.707	+19.496, -5.936, +43.707, -57.267
500	(27400, 23900, 31300, 17400)	+44.241	+19.488, -5.911, +44.241, -57.818
600	(27400, 23900, 31400, 17300)	+44.779	+19.483, -5.883, +44.779, -58.379
Violations: 0

## random 25: seat2 gains from seat3
delta_pts	scores	player_ev	all_evs
0	(25000, 25000, 25000, 25000)	-0.158	+0.052, +0.507, -0.158, -0.401
100	(25000, 25000, 25100, 24900)	-0.158	+0.050, +0.510, -0.158, -0.403
200	(25000, 25000, 25200, 24800)	-0.158	+0.049, +0.513, -0.158, -0.404
300	(25000, 25000, 25300, 24700)	-0.158	+0.048, +0.515, -0.158, -0.406
400	(25000, 25000, 25400, 24600)	-0.158	+0.047, +0.518, -0.158, -0.408
500	(25000, 25000, 25500, 24500)	-0.157	+0.046, +0.521, -0.157, -0.409
600	(25000, 25000, 25600, 24400)	-0.157	+0.044, +0.524, -0.157, -0.411
Violations: 0

## random 26: seat1 gains from seat3
delta_pts	scores	player_ev	all_evs
0	(24000, 11700, 24000, 40300)	-90.060	+7.118, -90.060, +2.294, +80.648
100	(24000, 11800, 24000, 40200)	-89.750	+7.024, -89.750, +2.094, +80.633
200	(24000, 11900, 24000, 40100)	-89.427	+6.928, -89.427, +1.893, +80.606
300	(24000, 12000, 24000, 40000)	-89.075	+6.814, -89.075, +1.701, +80.560
400	(24000, 12100, 24000, 39900)	-88.702	+6.685, -88.702, +1.511, +80.506
500	(24000, 12200, 24000, 39800)	-88.319	+6.549, -88.319, +1.327, +80.443
600	(24000, 12300, 24000, 39700)	-87.931	+6.406, -87.931, +1.150, +80.375
Violations: 0

## random 27: seat0 gains from seat1
delta_pts	scores	player_ev	all_evs
0	(6700, 33500, 11400, 48400)	-88.751	-88.751, +51.261, -63.404, +100.895
100	(6800, 33400, 11400, 48400)	-88.169	-88.169, +50.942, -63.616, +100.844
200	(6900, 33300, 11400, 48400)	-87.579	-87.579, +50.623, -63.832, +100.788
300	(7000, 33200, 11400, 48400)	-86.994	-86.994, +50.329, -64.048, +100.713
400	(7100, 33100, 11400, 48400)	-86.418	-86.418, +50.042, -64.258, +100.634
500	(7200, 33000, 11400, 48400)	-85.861	-85.861, +49.752, -64.444, +100.554
600	(7300, 32900, 11400, 48400)	-85.314	-85.314, +49.458, -64.616, +100.472
Violations: 0

## random 28: seat1 gains from seat2
delta_pts	scores	player_ev	all_evs
0	(8300, 3100, 23800, 64800)	-112.244	-36.891, -112.244, +35.715, +113.421
100	(8300, 3200, 23700, 64800)	-111.879	-37.313, -111.879, +35.613, +113.580
200	(8300, 3300, 23600, 64800)	-111.509	-37.739, -111.509, +35.509, +113.739
300	(8300, 3400, 23500, 64800)	-111.127	-38.176, -111.127, +35.403, +113.901
400	(8300, 3500, 23400, 64800)	-110.741	-38.614, -110.741, +35.293, +114.062
500	(8300, 3600, 23300, 64800)	-110.350	-39.053, -110.350, +35.179, +114.223
600	(8300, 3700, 23200, 64800)	-109.949	-39.503, -109.949, +35.066, +114.385
Violations: 0

## random 29: seat0 gains from seat1
delta_pts	scores	player_ev	all_evs
0	(5200, 38800, 52400, 3600)	-63.824	-63.824, +59.911, +99.440, -95.527
100	(5300, 38700, 52400, 3600)	-63.317	-63.317, +59.742, +99.548, -95.973
200	(5400, 38600, 52400, 3600)	-62.808	-62.808, +59.569, +99.654, -96.415
300	(5500, 38500, 52400, 3600)	-62.303	-62.303, +59.396, +99.758, -96.851
400	(5600, 38400, 52400, 3600)	-61.798	-61.798, +59.221, +99.861, -97.284
500	(5700, 38300, 52400, 3600)	-61.289	-61.289, +59.044, +99.961, -97.716
600	(5800, 38200, 52400, 3600)	-60.777	-60.777, +58.864, +100.059, -98.146
Violations: 0

## random 30: seat0 gains from seat2
delta_pts	scores	player_ev	all_evs
0	(25800, 35100, 19100, 20000)	+13.001	+13.001, +66.921, -42.641, -37.281
100	(25900, 35100, 19000, 20000)	+13.792	+13.792, +67.112, -43.614, -37.289
200	(26000, 35100, 18900, 20000)	+14.557	+14.557, +67.327, -44.594, -37.291
300	(26100, 35100, 18800, 20000)	+15.290	+15.290, +67.569, -45.584, -37.276
400	(26200, 35100, 18700, 20000)	+15.988	+15.988, +67.801, -46.579, -37.210
500	(26300, 35100, 18600, 20000)	+16.700	+16.700, +68.019, -47.585, -37.135
600	(26400, 35100, 18500, 20000)	+17.402	+17.402, +68.239, -48.588, -37.053
Violations: 0

## random 31: seat2 gains from seat1
delta_pts	scores	player_ev	all_evs
0	(9100, 14900, 58000, 18000)	+104.678	-63.175, -39.264, +104.678, -2.239
100	(9100, 14800, 58100, 18000)	+104.722	-62.806, -39.926, +104.722, -1.990
200	(9100, 14700, 58200, 18000)	+104.765	-62.429, -40.583, +104.765, -1.753
300	(9100, 14600, 58300, 18000)	+104.802	-62.057, -41.225, +104.802, -1.520
400	(9100, 14500, 58400, 18000)	+104.835	-61.695, -41.846, +104.835, -1.294
500	(9100, 14400, 58500, 18000)	+104.865	-61.337, -42.455, +104.865, -1.073
600	(9100, 14300, 58600, 18000)	+104.892	-60.980, -43.054, +104.892, -0.858
Violations: 0

## random 32: seat2 gains from seat0
delta_pts	scores	player_ev	all_evs
0	(17700, 40700, 13800, 27800)	-76.579	-47.390, +88.041, -76.579, +35.927
100	(17600, 40700, 13900, 27800)	-75.612	-48.397, +88.095, -75.612, +35.915
200	(17500, 40700, 14000, 27800)	-74.628	-49.394, +88.128, -74.628, +35.894
300	(17400, 40700, 14100, 27800)	-73.633	-50.380, +88.147, -73.633, +35.866
400	(17300, 40700, 14200, 27800)	-72.676	-51.316, +88.140, -72.676, +35.853
500	(17200, 40700, 14300, 27800)	-71.698	-52.255, +88.113, -71.698, +35.840
600	(17100, 40700, 14400, 27800)	-70.764	-53.119, +88.074, -70.764, +35.809
Violations: 0

## random 33: seat2 gains from seat1
delta_pts	scores	player_ev	all_evs
0	(37900, 24000, 15900, 22200)	-82.128	+79.973, +11.667, -82.128, -9.511
100	(37900, 23900, 16000, 22200)	-81.428	+80.029, +10.838, -81.428, -9.439
200	(37900, 23800, 16100, 22200)	-80.793	+80.129, +10.040, -80.793, -9.375
300	(37900, 23700, 16200, 22200)	-80.151	+80.227, +9.252, -80.151, -9.329
400	(37900, 23600, 16300, 22200)	-79.514	+80.352, +8.454, -79.514, -9.293
500	(37900, 23500, 16400, 22200)	-78.857	+80.475, +7.625, -78.857, -9.243
600	(37900, 23400, 16500, 22200)	-78.200	+80.606, +6.786, -78.200, -9.192
Violations: 0

## random 34: seat1 gains from seat3
delta_pts	scores	player_ev	all_evs
0	(25000, 25000, 25000, 25000)	+0.507	+0.052, +0.507, -0.158, -0.401
100	(25000, 25100, 25000, 24900)	+0.513	+0.049, +0.513, -0.158, -0.404
200	(25000, 25200, 25000, 24800)	+0.519	+0.046, +0.519, -0.157, -0.407
300	(25000, 25300, 25000, 24700)	+0.526	+0.042, +0.526, -0.157, -0.411
400	(25000, 25400, 25000, 24600)	+0.532	+0.039, +0.532, -0.156, -0.415
500	(25000, 25500, 25000, 24500)	+0.539	+0.035, +0.539, -0.156, -0.419
600	(25000, 25600, 25000, 24400)	+0.546	+0.032, +0.546, -0.155, -0.422
Violations: 0

## random 35: seat2 gains from seat3
delta_pts	scores	player_ev	all_evs
0	(31400, 38100, 19500, 10000)	-23.515	+39.045, +81.341, -23.515, -96.871
100	(31400, 38100, 19600, 9900)	-22.674	+38.987, +81.383, -22.674, -97.695
200	(31400, 38100, 19700, 9800)	-21.855	+38.932, +81.432, -21.855, -98.510
300	(31400, 38100, 19800, 9700)	-21.063	+38.887, +81.483, -21.063, -99.307
400	(31400, 38100, 19900, 9600)	-20.265	+38.836, +81.522, -20.265, -100.093
500	(31400, 38100, 20000, 9500)	-19.457	+38.799, +81.590, -19.457, -100.932
600	(31400, 38100, 20100, 9400)	-18.637	+38.762, +81.654, -18.637, -101.779
Violations: 0

## random 36: seat0 gains from seat3
delta_pts	scores	player_ev	all_evs
0	(22800, 14300, 38600, 24300)	-1.613	-1.613, -85.898, +78.920, +8.590
100	(22900, 14300, 38600, 24200)	-0.792	-0.792, -85.938, +78.858, +7.871
200	(23000, 14300, 38600, 24100)	+0.004	+0.004, -85.969, +78.794, +7.171
300	(23100, 14300, 38600, 24000)	+0.805	+0.805, -85.993, +78.740, +6.449
400	(23200, 14300, 38600, 23900)	+1.602	+1.602, -86.011, +78.689, +5.721
500	(23300, 14300, 38600, 23800)	+2.386	+2.386, -86.008, +78.646, +4.977
600	(23400, 14300, 38600, 23700)	+3.226	+3.226, -86.013, +78.601, +4.187
Violations: 0

## random 37: seat1 gains from seat3
delta_pts	scores	player_ev	all_evs
0	(21000, 22000, 34000, 23000)	-18.058	-20.022, -18.058, +46.399, -8.319
100	(21000, 22100, 34000, 22900)	-17.213	-19.923, -17.213, +46.400, -9.265
200	(21000, 22200, 34000, 22800)	-16.337	-19.803, -16.337, +46.398, -10.258
300	(21000, 22300, 34000, 22700)	-15.490	-19.689, -15.490, +46.388, -11.209
400	(21000, 22400, 34000, 22600)	-14.693	-19.620, -14.693, +46.367, -12.054
500	(21000, 22500, 34000, 22500)	-13.928	-19.575, -13.928, +46.340, -12.838
600	(21000, 22600, 34000, 22400)	-13.160	-19.511, -13.160, +46.305, -13.634
Violations: 0

## random 38: seat1 gains from seat0
delta_pts	scores	player_ev	all_evs
0	(25000, 29200, 28000, 17800)	+25.585	-0.307, +25.585, +19.151, -44.429
100	(24900, 29300, 28000, 17800)	+26.150	-0.855, +26.150, +19.074, -44.369
200	(24800, 29400, 28000, 17800)	+26.693	-1.365, +26.693, +18.997, -44.325
300	(24700, 29500, 28000, 17800)	+27.237	-1.868, +27.237, +18.918, -44.287
400	(24600, 29600, 28000, 17800)	+27.775	-2.389, +27.775, +18.855, -44.241
500	(24500, 29700, 28000, 17800)	+28.289	-2.892, +28.289, +18.801, -44.198
600	(24400, 29800, 28000, 17800)	+28.805	-3.395, +28.805, +18.751, -44.161
Violations: 0

## random 39: seat3 gains from seat1
delta_pts	scores	player_ev	all_evs
0	(43000, 19000, 19000, 19000)	-27.751	+71.837, -22.255, -21.830, -27.751
100	(43000, 18900, 19000, 19100)	-27.168	+72.049, -23.123, -21.758, -27.168
200	(43000, 18800, 19000, 19200)	-26.604	+72.248, -23.956, -21.688, -26.604
300	(43000, 18700, 19000, 19300)	-26.065	+72.440, -24.763, -21.612, -26.065
400	(43000, 18600, 19000, 19400)	-25.523	+72.625, -25.569, -21.534, -25.523
500	(43000, 18500, 19000, 19500)	-24.983	+72.802, -26.356, -21.463, -24.983
600	(43000, 18400, 19000, 19600)	-24.437	+72.967, -27.136, -21.393, -24.437
Violations: 0

## random 40: seat2 gains from seat3
delta_pts	scores	player_ev	all_evs
0	(28900, 14700, 28300, 28100)	+33.496	+51.605, -114.317, +33.496, +29.217
100	(28900, 14700, 28400, 28000)	+34.990	+51.592, -114.324, +34.990, +27.742
200	(28900, 14700, 28500, 27900)	+36.552	+51.552, -114.307, +36.552, +26.204
300	(28900, 14700, 28600, 27800)	+38.038	+51.542, -114.269, +38.038, +24.689
400	(28900, 14700, 28700, 27700)	+39.472	+51.525, -114.205, +39.472, +23.208
500	(28900, 14700, 28800, 27600)	+40.821	+51.533, -114.117, +40.821, +21.763
600	(28900, 14700, 28900, 27500)	+42.068	+51.560, -114.021, +42.068, +20.393
Violations: 0

## random 41: seat1 gains from seat3
delta_pts	scores	player_ev	all_evs
0	(23000, 34900, 16100, 26000)	+54.467	-10.670, +54.467, -54.378, +10.581
100	(23000, 35000, 16100, 25900)	+54.791	-10.582, +54.791, -54.397, +10.189
200	(23000, 35100, 16100, 25800)	+55.115	-10.496, +55.115, -54.414, +9.796
300	(23000, 35200, 16100, 25700)	+55.436	-10.409, +55.436, -54.429, +9.403
400	(23000, 35300, 16100, 25600)	+55.753	-10.331, +55.753, -54.442, +9.019
500	(23000, 35400, 16100, 25500)	+56.070	-10.257, +56.070, -54.458, +8.645
600	(23000, 35500, 16100, 25400)	+56.385	-10.184, +56.385, -54.474, +8.273
Violations: 0

## random 42: seat2 gains from seat0
delta_pts	scores	player_ev	all_evs
0	(10300, 35200, 35500, 19000)	+66.524	-110.489, +66.805, +66.524, -22.840
100	(10200, 35200, 35600, 19000)	+67.129	-111.362, +66.811, +67.129, -22.579
200	(10100, 35200, 35700, 19000)	+67.728	-112.222, +66.811, +67.728, -22.316
300	(10000, 35200, 35800, 19000)	+68.319	-113.068, +66.801, +68.319, -22.052
400	(9900, 35200, 35900, 19000)	+68.893	-113.893, +66.784, +68.893, -21.784
500	(9800, 35200, 36000, 19000)	+69.454	-114.697, +66.757, +69.454, -21.515
600	(9700, 35200, 36100, 19000)	+70.004	-115.480, +66.716, +70.004, -21.240
Violations: 0

## random 43: seat1 gains from seat0
delta_pts	scores	player_ev	all_evs
0	(25000, 18900, 30100, 26000)	-48.750	+1.810, -48.750, +34.842, +12.097
100	(24900, 19000, 30100, 26000)	-48.233	+1.224, -48.233, +34.909, +12.100
200	(24800, 19100, 30100, 26000)	-47.662	+0.584, -47.662, +34.983, +12.096
300	(24700, 19200, 30100, 26000)	-47.052	-0.078, -47.052, +35.048, +12.082
400	(24600, 19300, 30100, 26000)	-46.401	-0.809, -46.401, +35.114, +12.096
500	(24500, 19400, 30100, 26000)	-45.714	-1.621, -45.714, +35.194, +12.141
600	(24400, 19500, 30100, 26000)	-44.977	-2.521, -44.977, +35.284, +12.215
Violations: 0

## random 44: seat2 gains from seat1
delta_pts	scores	player_ev	all_evs
0	(25200, 25100, 20000, 29700)	-51.774	+4.208, +1.084, -51.774, +46.482
100	(25200, 25000, 20100, 29700)	-50.958	+4.429, +0.048, -50.958, +46.481
200	(25200, 24900, 20200, 29700)	-50.123	+4.633, -0.984, -50.123, +46.474
300	(25200, 24800, 20300, 29700)	-49.361	+4.836, -1.944, -49.361, +46.470
400	(25200, 24700, 20400, 29700)	-48.625	+5.040, -2.904, -48.625, +46.488
500	(25200, 24600, 20500, 29700)	-47.827	+5.207, -3.901, -47.827, +46.520
600	(25200, 24500, 20600, 29700)	-47.052	+5.383, -4.883, -47.052, +46.553
Violations: 0

## random 45: seat2 gains from seat0
delta_pts	scores	player_ev	all_evs
0	(2900, 40600, 46300, 10200)	+89.850	-109.461, +70.187, +89.850, -50.576
100	(2800, 40600, 46400, 10200)	+89.950	-109.896, +69.983, +89.950, -50.037
200	(2700, 40600, 46500, 10200)	+90.045	-110.324, +69.778, +90.045, -49.498
300	(2600, 40600, 46600, 10200)	+90.133	-110.748, +69.576, +90.133, -48.961
400	(2500, 40600, 46700, 10200)	+90.218	-111.163, +69.375, +90.218, -48.430
500	(2400, 40600, 46800, 10200)	+90.302	-111.570, +69.172, +90.302, -47.904
600	(2300, 40600, 46900, 10200)	+90.381	-111.971, +68.968, +90.381, -47.378
Violations: 0

## random 46: seat1 gains from seat3
delta_pts	scores	player_ev	all_evs
0	(18800, 44800, 12100, 24300)	+93.251	-29.985, +93.251, -79.057, +15.792
100	(18800, 44900, 12100, 24200)	+93.435	-29.865, +93.435, -78.928, +15.358
200	(18800, 45000, 12100, 24100)	+93.618	-29.740, +93.618, -78.796, +14.919
300	(18800, 45100, 12100, 24000)	+93.800	-29.604, +93.800, -78.662, +14.466
400	(18800, 45200, 12100, 23900)	+93.978	-29.460, +93.978, -78.528, +14.010
500	(18800, 45300, 12100, 23800)	+94.154	-29.312, +94.154, -78.395, +13.554
600	(18800, 45400, 12100, 23700)	+94.322	-29.164, +94.322, -78.264, +13.107
Violations: 0

## random 47: seat2 gains from seat0
delta_pts	scores	player_ev	all_evs
0	(25000, 34000, 25000, 16000)	+5.375	-1.778, +45.745, +5.375, -49.342
100	(24900, 34000, 25100, 16000)	+5.798	-2.302, +45.772, +5.798, -49.268
200	(24800, 34000, 25200, 16000)	+6.245	-2.848, +45.804, +6.245, -49.201
300	(24700, 34000, 25300, 16000)	+6.676	-3.375, +45.834, +6.676, -49.135
400	(24600, 34000, 25400, 16000)	+7.050	-3.846, +45.882, +7.050, -49.087
500	(24500, 34000, 25500, 16000)	+7.417	-4.312, +45.935, +7.417, -49.040
600	(24400, 34000, 25600, 16000)	+7.778	-4.778, +45.990, +7.778, -48.990
Violations: 0

## random 48: seat3 gains from seat1
delta_pts	scores	player_ev	all_evs
0	(25000, 25000, 27600, 22400)	-7.963	+0.332, +1.200, +6.431, -7.963
100	(25000, 24900, 27600, 22500)	-7.068	+0.276, +0.802, +5.990, -7.068
200	(25000, 24800, 27600, 22600)	-6.247	+0.215, +0.479, +5.554, -6.247
300	(25000, 24700, 27600, 22700)	-5.443	+0.143, +0.178, +5.122, -5.443
400	(25000, 24600, 27600, 22800)	-4.691	+0.078, -0.103, +4.716, -4.691
500	(25000, 24500, 27600, 22900)	-3.983	+0.015, -0.376, +4.344, -3.983
600	(25000, 24400, 27600, 23000)	-3.380	-0.033, -0.626, +4.039, -3.380
Violations: 0

## random 49: seat3 gains from seat0
delta_pts	scores	player_ev	all_evs
0	(25000, 25000, 25000, 25000)	-0.401	+0.052, +0.507, -0.158, -0.401
100	(24900, 25000, 25000, 25100)	-0.400	+0.051, +0.507, -0.158, -0.400
200	(24800, 25000, 25000, 25200)	-0.400	+0.051, +0.507, -0.158, -0.400
300	(24700, 25000, 25000, 25300)	-0.400	+0.050, +0.507, -0.158, -0.400
400	(24600, 25000, 25000, 25400)	-0.400	+0.049, +0.508, -0.158, -0.400
500	(24500, 25000, 25000, 25500)	-0.400	+0.048, +0.509, -0.157, -0.400
600	(24400, 25000, 25000, 25600)	-0.401	+0.047, +0.511, -0.157, -0.401
Violations: 0

## random 50: seat2 gains from seat0
delta_pts	scores	player_ev	all_evs
0	(31300, 9300, 32200, 27200)	+49.470	+47.805, -106.303, +49.470, +9.028
100	(31200, 9300, 32300, 27200)	+50.287	+47.140, -106.443, +50.287, +9.016
200	(31100, 9300, 32400, 27200)	+51.078	+46.489, -106.580, +51.078, +9.013
300	(31000, 9300, 32500, 27200)	+51.782	+45.893, -106.708, +51.782, +9.032
400	(30900, 9300, 32600, 27200)	+52.479	+45.287, -106.831, +52.479, +9.065
500	(30800, 9300, 32700, 27200)	+53.175	+44.670, -106.946, +53.175, +9.101
600	(30700, 9300, 32800, 27200)	+53.858	+44.048, -107.068, +53.858, +9.162
Violations: 0

## random 51: seat1 gains from seat3
delta_pts	scores	player_ev	all_evs
0	(32000, 21000, 21000, 26000)	-29.591	+44.584, -29.591, -25.773, +10.780
100	(32000, 21100, 21000, 25900)	-28.937	+44.630, -28.937, -26.018, +10.326
200	(32000, 21200, 21000, 25800)	-28.282	+44.682, -28.282, -26.252, +9.852
300	(32000, 21300, 21000, 25700)	-27.591	+44.752, -27.591, -26.473, +9.312
400	(32000, 21400, 21000, 25600)	-26.857	+44.839, -26.857, -26.695, +8.714
500	(32000, 21500, 21000, 25500)	-26.085	+44.924, -26.085, -26.927, +8.088
600	(32000, 21600, 21000, 25400)	-25.282	+45.021, -25.282, -27.154, +7.416
Violations: 0

## random 52: seat2 gains from seat3
delta_pts	scores	player_ev	all_evs
0	(17600, 42000, 15000, 25400)	-59.499	-46.641, +86.795, -59.499, +19.345
100	(17600, 42000, 15100, 25300)	-58.848	-46.675, +86.717, -58.848, +18.806
200	(17600, 42000, 15200, 25200)	-58.199	-46.702, +86.615, -58.199, +18.286
300	(17600, 42000, 15300, 25100)	-57.538	-46.723, +86.508, -57.538, +17.753
400	(17600, 42000, 15400, 25000)	-56.868	-46.737, +86.390, -56.868, +17.214
500	(17600, 42000, 15500, 24900)	-56.188	-46.753, +86.274, -56.188, +16.668
600	(17600, 42000, 15600, 24800)	-55.505	-46.758, +86.153, -55.505, +16.110
Violations: 0

## random 53: seat3 gains from seat2
delta_pts	scores	player_ev	all_evs
0	(21600, 27400, 20500, 30500)	+37.292	-30.792, +22.610, -29.110, +37.292
100	(21600, 27400, 20400, 30600)	+37.790	-30.737, +22.500, -29.552, +37.790
200	(21600, 27400, 20300, 30700)	+38.308	-30.640, +22.402, -30.070, +38.308
300	(21600, 27400, 20200, 30800)	+38.830	-30.527, +22.302, -30.606, +38.830
400	(21600, 27400, 20100, 30900)	+39.358	-30.420, +22.188, -31.126, +39.358
500	(21600, 27400, 20000, 31000)	+39.889	-30.315, +22.062, -31.636, +39.889
600	(21600, 27400, 19900, 31100)	+40.405	-30.195, +21.941, -32.151, +40.405
Violations: 0

## random 54: seat3 gains from seat1
delta_pts	scores	player_ev	all_evs
0	(26000, 34000, 14000, 26000)	+8.321	+6.231, +53.121, -67.674, +8.321
100	(26000, 33900, 14000, 26100)	+8.805	+6.119, +52.661, -67.585, +8.805
200	(26000, 33800, 14000, 26200)	+9.299	+6.008, +52.195, -67.501, +9.299
300	(26000, 33700, 14000, 26300)	+9.790	+5.907, +51.748, -67.445, +9.790
400	(26000, 33600, 14000, 26400)	+10.285	+5.808, +51.304, -67.397, +10.285
500	(26000, 33500, 14000, 26500)	+10.783	+5.707, +50.858, -67.347, +10.783
600	(26000, 33400, 14000, 26600)	+11.286	+5.604, +50.408, -67.298, +11.286
Violations: 0

## random 55: seat1 gains from seat0
delta_pts	scores	player_ev	all_evs
0	(24000, 24000, 18800, 32200)	-5.298	-5.618, -5.298, -37.630, +48.545
100	(23900, 24100, 18800, 32200)	-4.352	-6.688, -4.352, -37.523, +48.563
200	(23800, 24200, 18800, 32200)	-3.358	-7.802, -3.358, -37.411, +48.571
300	(23700, 24300, 18800, 32200)	-2.357	-8.906, -2.357, -37.309, +48.572
400	(23600, 24400, 18800, 32200)	-1.350	-9.994, -1.350, -37.221, +48.564
500	(23500, 24500, 18800, 32200)	-0.317	-11.064, -0.317, -37.151, +48.532
600	(23400, 24600, 18800, 32200)	+0.621	-12.045, +0.621, -37.074, +48.498
Violations: 0

## random 56: seat3 gains from seat0
delta_pts	scores	player_ev	all_evs
0	(41500, 29300, 17400, 11800)	-81.678	+81.974, +36.657, -36.954, -81.678
100	(41400, 29300, 17400, 11900)	-81.066	+81.673, +36.573, -37.180, -81.066
200	(41300, 29300, 17400, 12000)	-80.456	+81.364, +36.482, -37.390, -80.456
300	(41200, 29300, 17400, 12100)	-79.847	+81.054, +36.391, -37.597, -79.847
400	(41100, 29300, 17400, 12200)	-79.259	+80.761, +36.309, -37.811, -79.259
500	(41000, 29300, 17400, 12300)	-78.670	+80.470, +36.225, -38.025, -78.670
600	(40900, 29300, 17400, 12400)	-78.129	+80.219, +36.166, -38.257, -78.129
Violations: 0

## random 57: seat0 gains from seat1
delta_pts	scores	player_ev	all_evs
0	(30400, 31400, 19900, 18300)	+32.397	+32.397, +43.910, -31.907, -44.400
100	(30500, 31300, 19900, 18300)	+32.893	+32.893, +43.330, -31.864, -44.359
200	(30600, 31200, 19900, 18300)	+33.371	+33.371, +42.762, -31.818, -44.315
300	(30700, 31100, 19900, 18300)	+33.805	+33.805, +42.212, -31.757, -44.260
400	(30800, 31000, 19900, 18300)	+34.201	+34.201, +41.674, -31.683, -44.193
500	(30900, 30900, 19900, 18300)	+34.614	+34.614, +41.117, -31.600, -44.131
600	(31000, 30800, 19900, 18300)	+35.157	+35.157, +40.673, -31.607, -44.222
Violations: 0

## random 58: seat1 gains from seat3
delta_pts	scores	player_ev	all_evs
0	(21100, 24000, 25000, 29900)	-7.671	-30.687, -7.671, +3.901, +34.457
100	(21100, 24100, 25000, 29800)	-6.835	-30.849, -6.835, +3.861, +33.823
200	(21100, 24200, 25000, 29700)	-6.023	-30.999, -6.023, +3.817, +33.205
300	(21100, 24300, 25000, 29600)	-5.217	-31.134, -5.217, +3.763, +32.589
400	(21100, 24400, 25000, 29500)	-4.390	-31.274, -4.390, +3.700, +31.964
500	(21100, 24500, 25000, 29400)	-3.558	-31.430, -3.558, +3.650, +31.338
600	(21100, 24600, 25000, 29300)	-2.734	-31.567, -2.734, +3.601, +30.700
Violations: 0

## random 59: seat1 gains from seat3
delta_pts	scores	player_ev	all_evs
0	(27600, 21500, 8300, 42600)	-8.423	+33.027, -8.423, -121.453, +96.849
100	(27600, 21600, 8300, 42500)	-8.020	+32.937, -8.020, -121.664, +96.747
200	(27600, 21700, 8300, 42400)	-7.615	+32.841, -7.615, -121.873, +96.647
300	(27600, 21800, 8300, 42300)	-7.206	+32.743, -7.206, -122.083, +96.546
400	(27600, 21900, 8300, 42200)	-6.792	+32.643, -6.792, -122.296, +96.445
500	(27600, 22000, 8300, 42100)	-6.368	+32.542, -6.368, -122.514, +96.341
600	(27600, 22100, 8300, 42000)	-5.916	+32.434, -5.916, -122.743, +96.225
Violations: 0

## random 60: seat3 gains from seat2
delta_pts	scores	player_ev	all_evs
0	(25000, 37000, 6000, 32000)	+47.109	+2.175, +77.423, -126.707, +47.109
100	(25000, 37000, 5900, 32100)	+47.439	+2.168, +77.388, -126.995, +47.439
200	(25000, 37000, 5800, 32200)	+47.757	+2.171, +77.348, -127.276, +47.757
300	(25000, 37000, 5700, 32300)	+48.067	+2.176, +77.309, -127.552, +48.067
400	(25000, 37000, 5600, 32400)	+48.385	+2.188, +77.255, -127.828, +48.385
500	(25000, 37000, 5500, 32500)	+48.701	+2.202, +77.198, -128.101, +48.701
600	(25000, 37000, 5400, 32600)	+49.013	+2.216, +77.138, -128.368, +49.013
Violations: 0

## random 61: seat0 gains from seat2
delta_pts	scores	player_ev	all_evs
0	(21700, 21200, 22400, 34700)	-20.116	-20.116, -21.379, -10.238, +51.733
100	(21800, 21200, 22300, 34700)	-19.750	-19.750, -21.360, -10.627, +51.737
200	(21900, 21200, 22200, 34700)	-19.419	-19.419, -21.354, -10.980, +51.752
300	(22000, 21200, 22100, 34700)	-19.091	-19.091, -21.346, -11.330, +51.767
400	(22100, 21200, 22000, 34700)	-18.749	-18.749, -21.355, -11.680, +51.784
500	(22200, 21200, 21900, 34700)	-18.397	-18.397, -21.365, -12.036, +51.798
600	(22300, 21200, 21800, 34700)	-18.006	-18.006, -21.354, -12.438, +51.798
Violations: 0

## random 62: seat3 gains from seat2
delta_pts	scores	player_ev	all_evs
0	(24000, 19000, 24000, 32000)	+46.197	-6.018, -37.982, -2.197, +46.197
100	(24000, 19000, 23900, 32100)	+46.588	-5.996, -37.793, -2.798, +46.588
200	(24000, 19000, 23800, 32200)	+46.966	-5.965, -37.605, -3.396, +46.966
300	(24000, 19000, 23700, 32300)	+47.342	-5.923, -37.415, -4.005, +47.342
400	(24000, 19000, 23600, 32400)	+47.711	-5.889, -37.224, -4.598, +47.711
500	(24000, 19000, 23500, 32500)	+48.071	-5.842, -37.039, -5.190, +48.071
600	(24000, 19000, 23400, 32600)	+48.426	-5.795, -36.855, -5.777, +48.426
Violations: 0

## random 63: seat3 gains from seat2
delta_pts	scores	player_ev	all_evs
0	(18500, 20300, 33100, 28100)	+24.697	-38.601, -30.239, +44.143, +24.697
100	(18500, 20300, 33000, 28200)	+25.284	-38.704, -30.216, +43.637, +25.284
200	(18500, 20300, 32900, 28300)	+25.858	-38.796, -30.169, +43.106, +25.858
300	(18500, 20300, 32800, 28400)	+26.428	-38.885, -30.115, +42.573, +26.428
400	(18500, 20300, 32700, 28500)	+26.996	-38.972, -30.060, +42.036, +26.996
500	(18500, 20300, 32600, 28600)	+27.568	-39.053, -30.005, +41.490, +27.568
600	(18500, 20300, 32500, 28700)	+28.134	-39.124, -29.948, +40.938, +28.134
Violations: 0

## random 64: seat2 gains from seat3
delta_pts	scores	player_ev	all_evs
0	(7200, 32500, 28900, 31400)	+20.767	-118.380, +55.648, +20.767, +41.965
100	(7200, 32500, 29000, 31300)	+21.487	-118.518, +55.524, +21.487, +41.507
200	(7200, 32500, 29100, 31200)	+22.223	-118.656, +55.400, +22.223, +41.033
300	(7200, 32500, 29200, 31100)	+22.962	-118.788, +55.286, +22.962, +40.540
400	(7200, 32500, 29300, 31000)	+23.703	-118.912, +55.170, +23.703, +40.039
500	(7200, 32500, 29400, 30900)	+24.445	-119.015, +55.063, +24.445, +39.508
600	(7200, 32500, 29500, 30800)	+25.189	-119.112, +54.947, +25.189, +38.976
Violations: 0

## random 65: seat0 gains from seat3
delta_pts	scores	player_ev	all_evs
0	(39400, 16600, 22400, 21600)	+74.680	+74.680, -50.928, -6.820, -16.932
100	(39500, 16600, 22400, 21500)	+75.068	+75.068, -50.809, -6.716, -17.543
200	(39600, 16600, 22400, 21400)	+75.451	+75.451, -50.692, -6.630, -18.129
300	(39700, 16600, 22400, 21300)	+75.829	+75.829, -50.568, -6.549, -18.712
400	(39800, 16600, 22400, 21200)	+76.200	+76.200, -50.440, -6.470, -19.290
500	(39900, 16600, 22400, 21100)	+76.568	+76.568, -50.305, -6.388, -19.875
600	(40000, 16600, 22400, 21000)	+76.930	+76.930, -50.179, -6.332, -20.419
Violations: 0

## random 66: seat0 gains from seat3
delta_pts	scores	player_ev	all_evs
0	(57300, 13100, 16400, 12200)	+106.385	+106.385, -38.023, -17.190, -51.172
100	(57400, 13100, 16400, 12100)	+106.713	+106.713, -37.922, -16.981, -51.810
200	(57500, 13100, 16400, 12000)	+107.038	+107.038, -37.821, -16.765, -52.453
300	(57600, 13100, 16400, 11900)	+107.362	+107.362, -37.723, -16.543, -53.096
400	(57700, 13100, 16400, 11800)	+107.683	+107.683, -37.631, -16.318, -53.734
500	(57800, 13100, 16400, 11700)	+107.988	+107.988, -37.531, -16.091, -54.365
600	(57900, 13100, 16400, 11600)	+108.285	+108.285, -37.428, -15.862, -54.994
Violations: 0

## random 67: seat2 gains from seat3
delta_pts	scores	player_ev	all_evs
0	(25000, 25000, 25000, 25000)	-0.158	+0.052, +0.507, -0.158, -0.401
100	(25000, 25000, 25100, 24900)	-0.158	+0.050, +0.510, -0.158, -0.403
200	(25000, 25000, 25200, 24800)	-0.158	+0.049, +0.513, -0.158, -0.404
300	(25000, 25000, 25300, 24700)	-0.158	+0.048, +0.515, -0.158, -0.406
400	(25000, 25000, 25400, 24600)	-0.158	+0.047, +0.518, -0.158, -0.408
500	(25000, 25000, 25500, 24500)	-0.157	+0.046, +0.521, -0.157, -0.409
600	(25000, 25000, 25600, 24400)	-0.157	+0.044, +0.524, -0.157, -0.411
Violations: 0

## random 68: seat2 gains from seat0
delta_pts	scores	player_ev	all_evs
0	(29800, 30600, 18400, 21200)	-49.375	+32.689, +43.113, -49.375, -26.426
100	(29700, 30600, 18500, 21200)	-48.758	+32.192, +43.210, -48.758, -26.644
200	(29600, 30600, 18600, 21200)	-48.157	+31.707, +43.325, -48.157, -26.875
300	(29500, 30600, 18700, 21200)	-47.553	+31.245, +43.426, -47.553, -27.117
400	(29400, 30600, 18800, 21200)	-46.948	+30.793, +43.515, -46.948, -27.360
500	(29300, 30600, 18900, 21200)	-46.314	+30.330, +43.609, -46.314, -27.624
600	(29200, 30600, 19000, 21200)	-45.686	+29.868, +43.719, -45.686, -27.901
Violations: 0

## random 69: seat2 gains from seat1
delta_pts	scores	player_ev	all_evs
0	(30000, 13700, 36100, 20200)	+85.165	+53.941, -119.346, +85.165, -19.760
100	(30000, 13600, 36200, 20200)	+85.539	+53.958, -120.101, +85.539, -19.397
200	(30000, 13500, 36300, 20200)	+85.896	+53.969, -120.830, +85.896, -19.034
300	(30000, 13400, 36400, 20200)	+86.235	+53.971, -121.535, +86.235, -18.670
400	(30000, 13300, 36500, 20200)	+86.557	+53.954, -122.210, +86.557, -18.302
500	(30000, 13200, 36600, 20200)	+86.863	+53.928, -122.840, +86.863, -17.952
600	(30000, 13100, 36700, 20200)	+87.151	+53.895, -123.422, +87.151, -17.624
Violations: 0

## random 70: seat1 gains from seat2
delta_pts	scores	player_ev	all_evs
0	(47700, 6900, 23300, 22100)	-129.663	+104.463, -129.663, +20.063, +5.137
100	(47700, 7000, 23200, 22100)	-129.560	+104.533, -129.560, +19.755, +5.271
200	(47700, 7100, 23100, 22100)	-129.455	+104.603, -129.455, +19.443, +5.408
300	(47700, 7200, 23000, 22100)	-129.345	+104.676, -129.345, +19.104, +5.565
400	(47700, 7300, 22900, 22100)	-129.241	+104.748, -129.241, +18.739, +5.755
500	(47700, 7400, 22800, 22100)	-129.134	+104.821, -129.134, +18.358, +5.955
600	(47700, 7500, 22700, 22100)	-129.021	+104.899, -129.021, +17.954, +6.168
Violations: 0

## random 71: seat0 gains from seat3
delta_pts	scores	player_ev	all_evs
0	(36300, 33300, 16900, 13500)	+57.738	+57.738, +49.960, -44.530, -63.168
100	(36400, 33300, 16900, 13400)	+58.303	+58.303, +49.992, -44.457, -63.838
200	(36500, 33300, 16900, 13300)	+58.858	+58.858, +50.021, -44.357, -64.522
300	(36600, 33300, 16900, 13200)	+59.392	+59.392, +50.063, -44.246, -65.209
400	(36700, 33300, 16900, 13100)	+59.939	+59.939, +50.106, -44.133, -65.912
500	(36800, 33300, 16900, 13000)	+60.478	+60.478, +50.139, -44.011, -66.606
600	(36900, 33300, 16900, 12900)	+61.016	+61.016, +50.154, -43.880, -67.290
Violations: 0

## random 72: seat2 gains from seat3
delta_pts	scores	player_ev	all_evs
0	(23400, 27600, 19900, 29100)	-44.016	-19.122, +25.536, -44.016, +37.602
100	(23400, 27600, 20000, 29000)	-43.377	-19.402, +25.773, -43.377, +37.006
200	(23400, 27600, 20100, 28900)	-42.739	-19.670, +26.022, -42.739, +36.386
300	(23400, 27600, 20200, 28800)	-42.097	-19.958, +26.320, -42.097, +35.734
400	(23400, 27600, 20300, 28700)	-41.439	-20.256, +26.627, -41.439, +35.068
500	(23400, 27600, 20400, 28600)	-40.760	-20.556, +26.895, -40.760, +34.421
600	(23400, 27600, 20500, 28500)	-40.053	-20.860, +27.165, -40.053, +33.748
Violations: 0

## random 73: seat1 gains from seat3
delta_pts	scores	player_ev	all_evs
0	(3800, 25300, 18400, 52500)	+32.907	-125.481, +32.907, -11.431, +104.006
100	(3800, 25400, 18400, 52400)	+33.181	-125.518, +33.181, -11.563, +103.900
200	(3800, 25500, 18400, 52300)	+33.451	-125.553, +33.451, -11.693, +103.795
300	(3800, 25600, 18400, 52200)	+33.720	-125.585, +33.720, -11.824, +103.689
400	(3800, 25700, 18400, 52100)	+33.987	-125.617, +33.987, -11.954, +103.584
500	(3800, 25800, 18400, 52000)	+34.250	-125.653, +34.250, -12.075, +103.478
600	(3800, 25900, 18400, 51900)	+34.511	-125.687, +34.511, -12.195, +103.371
Violations: 0

## random 74: seat0 gains from seat3
delta_pts	scores	player_ev	all_evs
0	(34700, 20000, 30100, 15200)	+56.233	+56.233, -26.644, +29.666, -59.255
100	(34800, 20000, 30100, 15100)	+56.846	+56.846, -26.657, +29.859, -60.048
200	(34900, 20000, 30100, 15000)	+57.455	+57.455, -26.666, +30.043, -60.833
300	(35000, 20000, 30100, 14900)	+58.066	+58.066, -26.688, +30.229, -61.607
400	(35100, 20000, 30100, 14800)	+58.667	+58.667, -26.711, +30.408, -62.364
500	(35200, 20000, 30100, 14700)	+59.255	+59.255, -26.724, +30.581, -63.112
600	(35300, 20000, 30100, 14600)	+59.854	+59.854, -26.748, +30.762, -63.868
Violations: 0

## random 75: seat2 gains from seat3
delta_pts	scores	player_ev	all_evs
0	(23400, 18600, 20000, 38000)	-28.184	-2.664, -47.889, -28.184, +78.737
100	(23400, 18600, 20100, 37900)	-27.551	-2.884, -47.951, -27.551, +78.385
200	(23400, 18600, 20200, 37800)	-26.902	-3.112, -48.009, -26.902, +78.023
300	(23400, 18600, 20300, 37700)	-26.239	-3.335, -48.074, -26.239, +77.649
400	(23400, 18600, 20400, 37600)	-25.597	-3.544, -48.125, -25.597, +77.267
500	(23400, 18600, 20500, 37500)	-24.959	-3.763, -48.148, -24.959, +76.870
600	(23400, 18600, 20600, 37400)	-24.303	-3.995, -48.162, -24.303, +76.459
Violations: 0

## random 76: seat1 gains from seat0
delta_pts	scores	player_ev	all_evs
0	(21000, 23200, 19200, 36600)	+2.099	-33.192, +2.099, -56.749, +87.842
100	(20900, 23300, 19200, 36600)	+3.467	-34.583, +3.467, -56.562, +87.678
200	(20800, 23400, 19200, 36600)	+4.751	-35.877, +4.751, -56.393, +87.519
300	(20700, 23500, 19200, 36600)	+6.019	-37.139, +6.019, -56.232, +87.352
400	(20600, 23600, 19200, 36600)	+7.283	-38.380, +7.283, -56.074, +87.171
500	(20500, 23700, 19200, 36600)	+8.513	-39.581, +8.513, -55.908, +86.976
600	(20400, 23800, 19200, 36600)	+9.545	-40.629, +9.545, -55.738, +86.821
Violations: 0

## random 77: seat2 gains from seat0
delta_pts	scores	player_ev	all_evs
0	(21000, 23000, 33000, 23000)	+43.530	-22.410, -11.327, +43.530, -9.793
100	(20900, 23000, 33100, 23000)	+43.846	-22.990, -11.190, +43.846, -9.666
200	(20800, 23000, 33200, 23000)	+44.155	-23.572, -11.044, +44.155, -9.539
300	(20700, 23000, 33300, 23000)	+44.450	-24.166, -10.884, +44.450, -9.400
400	(20600, 23000, 33400, 23000)	+44.734	-24.761, -10.710, +44.734, -9.262
500	(20500, 23000, 33500, 23000)	+44.998	-25.350, -10.545, +44.998, -9.104
600	(20400, 23000, 33600, 23000)	+45.249	-25.934, -10.387, +45.249, -8.928
Violations: 0

## random 78: seat0 gains from seat3
delta_pts	scores	player_ev	all_evs
0	(40800, 17600, 28100, 13500)	+88.019	+88.019, -37.632, +27.424, -77.810
100	(40900, 17600, 28100, 13400)	+88.272	+88.272, -37.380, +27.510, -78.403
200	(41000, 17600, 28100, 13300)	+88.564	+88.564, -37.144, +27.610, -79.030
300	(41100, 17600, 28100, 13200)	+88.859	+88.859, -36.910, +27.710, -79.659
400	(41200, 17600, 28100, 13100)	+89.148	+89.148, -36.680, +27.811, -80.279
500	(41300, 17600, 28100, 13000)	+89.430	+89.430, -36.443, +27.906, -80.892
600	(41400, 17600, 28100, 12900)	+89.707	+89.707, -36.204, +27.991, -81.493
Violations: 0

## random 79: seat2 gains from seat1
delta_pts	scores	player_ev	all_evs
0	(23000, 17800, 22600, 36600)	-11.481	-7.609, -48.983, -11.481, +68.073
100	(23000, 17700, 22700, 36600)	-10.855	-7.608, -49.709, -10.855, +68.172
200	(23000, 17600, 22800, 36600)	-10.228	-7.590, -50.443, -10.228, +68.261
300	(23000, 17500, 22900, 36600)	-9.584	-7.551, -51.208, -9.584, +68.344
400	(23000, 17400, 23000, 36600)	-8.923	-7.493, -51.993, -8.923, +68.409
500	(23000, 17300, 23100, 36600)	-8.251	-7.441, -52.771, -8.251, +68.463
600	(23000, 17200, 23200, 36600)	-7.576	-7.388, -53.541, -7.576, +68.505
Violations: 0

## random 80: seat0 gains from seat1
delta_pts	scores	player_ev	all_evs
0	(26500, 25000, 36800, 11700)	+13.102	+13.102, +1.234, +62.183, -76.519
100	(26600, 24900, 36800, 11700)	+13.881	+13.881, +0.449, +62.242, -76.572
200	(26700, 24800, 36800, 11700)	+14.603	+14.603, -0.280, +62.288, -76.611
300	(26800, 24700, 36800, 11700)	+15.299	+15.299, -0.981, +62.323, -76.641
400	(26900, 24600, 36800, 11700)	+15.943	+15.943, -1.618, +62.346, -76.672
500	(27000, 24500, 36800, 11700)	+16.526	+16.526, -2.204, +62.369, -76.691
600	(27100, 24400, 36800, 11700)	+17.086	+17.086, -2.771, +62.403, -76.719
Violations: 0

## random 81: seat2 gains from seat1
delta_pts	scores	player_ev	all_evs
0	(18200, 17200, 38300, 26300)	+89.422	-41.330, -83.156, +89.422, +35.064
100	(18200, 17100, 38400, 26300)	+89.540	-40.579, -84.067, +89.540, +35.106
200	(18200, 17000, 38500, 26300)	+89.681	-39.821, -85.007, +89.681, +35.147
300	(18200, 16900, 38600, 26300)	+89.864	-39.078, -85.984, +89.864, +35.197
400	(18200, 16800, 38700, 26300)	+90.090	-38.358, -86.972, +90.090, +35.240
500	(18200, 16700, 38800, 26300)	+90.319	-37.632, -87.973, +90.319, +35.286
600	(18200, 16600, 38900, 26300)	+90.558	-36.905, -88.998, +90.558, +35.345
Violations: 0

## random 82: seat1 gains from seat0
delta_pts	scores	player_ev	all_evs
0	(25000, 25000, 25000, 25000)	+0.507	+0.052, +0.507, -0.158, -0.401
100	(24900, 25100, 25000, 25000)	+0.513	+0.048, +0.513, -0.158, -0.404
200	(24800, 25200, 25000, 25000)	+0.518	+0.045, +0.518, -0.157, -0.406
300	(24700, 25300, 25000, 25000)	+0.525	+0.041, +0.525, -0.156, -0.409
400	(24600, 25400, 25000, 25000)	+0.532	+0.037, +0.532, -0.156, -0.413
500	(24500, 25500, 25000, 25000)	+0.539	+0.033, +0.539, -0.155, -0.417
600	(24400, 25600, 25000, 25000)	+0.547	+0.028, +0.547, -0.154, -0.421
Violations: 0

## random 83: seat1 gains from seat3
delta_pts	scores	player_ev	all_evs
0	(15800, 26300, 47400, 10500)	+27.464	-30.511, +27.464, +104.251, -101.203
100	(15800, 26400, 47400, 10400)	+27.852	-30.226, +27.852, +104.269, -101.895
200	(15800, 26500, 47400, 10300)	+28.237	-29.941, +28.237, +104.278, -102.573
300	(15800, 26600, 47400, 10200)	+28.619	-29.654, +28.619, +104.277, -103.241
400	(15800, 26700, 47400, 10100)	+28.997	-29.365, +28.997, +104.267, -103.899
500	(15800, 26800, 47400, 10000)	+29.376	-29.100, +29.376, +104.252, -104.527
600	(15800, 26900, 47400, 9900)	+29.748	-28.836, +29.748, +104.230, -105.142
Violations: 0

## random 84: seat0 gains from seat1
delta_pts	scores	player_ev	all_evs
0	(26600, 29200, 19200, 25000)	+5.225	+5.225, +29.669, -38.116, +3.223
100	(26700, 29100, 19200, 25000)	+5.820	+5.820, +29.102, -38.174, +3.253
200	(26800, 29000, 19200, 25000)	+6.435	+6.435, +28.524, -38.223, +3.264
300	(26900, 28900, 19200, 25000)	+7.075	+7.075, +27.944, -38.280, +3.261
400	(27000, 28800, 19200, 25000)	+7.725	+7.725, +27.356, -38.334, +3.252
500	(27100, 28700, 19200, 25000)	+8.396	+8.396, +26.762, -38.384, +3.227
600	(27200, 28600, 19200, 25000)	+9.091	+9.091, +26.143, -38.423, +3.190
Violations: 0

## random 85: seat3 gains from seat0
delta_pts	scores	player_ev	all_evs
0	(17900, 23600, 18600, 38900)	+88.765	-50.429, +13.559, -51.895, +88.765
100	(17800, 23600, 18600, 39000)	+88.851	-50.887, +13.748, -51.713, +88.851
200	(17700, 23600, 18600, 39100)	+88.931	-51.340, +13.942, -51.533, +88.931
300	(17600, 23600, 18600, 39200)	+89.005	-51.791, +14.145, -51.359, +89.005
400	(17500, 23600, 18600, 39300)	+89.090	-52.246, +14.348, -51.192, +89.090
500	(17400, 23600, 18600, 39400)	+89.164	-52.711, +14.543, -50.996, +89.164
600	(17300, 23600, 18600, 39500)	+89.220	-53.169, +14.732, -50.784, +89.220
Violations: 0

## random 86: seat1 gains from seat0
delta_pts	scores	player_ev	all_evs
0	(19000, 22000, 37000, 22000)	-14.198	-27.520, -14.198, +54.929, -13.211
100	(18900, 22100, 37000, 22000)	-13.350	-28.282, -13.350, +54.919, -13.287
200	(18800, 22200, 37000, 22000)	-12.467	-29.054, -12.467, +54.896, -13.374
300	(18700, 22300, 37000, 22000)	-11.543	-29.826, -11.543, +54.860, -13.490
400	(18600, 22400, 37000, 22000)	-10.677	-30.581, -10.677, +54.814, -13.556
500	(18500, 22500, 37000, 22000)	-9.860	-31.318, -9.860, +54.759, -13.581
600	(18400, 22600, 37000, 22000)	-9.031	-32.076, -9.031, +54.715, -13.608
Violations: 0

## random 87: seat3 gains from seat2
delta_pts	scores	player_ev	all_evs
0	(26900, 40100, 7000, 26000)	+14.003	+16.744, +86.507, -117.253, +14.003
100	(26900, 40100, 6900, 26100)	+14.634	+16.587, +86.577, -117.798, +14.634
200	(26900, 40100, 6800, 26200)	+15.263	+16.427, +86.640, -118.330, +15.263
300	(26900, 40100, 6700, 26300)	+15.895	+16.264, +86.692, -118.851, +15.895
400	(26900, 40100, 6600, 26400)	+16.541	+16.089, +86.734, -119.364, +16.541
500	(26900, 40100, 6500, 26500)	+17.194	+15.900, +86.772, -119.866, +17.194
600	(26900, 40100, 6400, 26600)	+17.845	+15.710, +86.802, -120.357, +17.845
Violations: 0

## random 88: seat1 gains from seat2
delta_pts	scores	player_ev	all_evs
0	(57600, 22600, 4900, 14900)	+35.309	+100.663, +35.309, -114.660, -21.311
100	(57600, 22700, 4800, 14900)	+35.514	+100.510, +35.514, -114.828, -21.196
200	(57600, 22800, 4700, 14900)	+35.717	+100.358, +35.717, -114.991, -21.083
300	(57600, 22900, 4600, 14900)	+35.907	+100.210, +35.907, -115.153, -20.964
400	(57600, 23000, 4500, 14900)	+36.092	+100.064, +36.092, -115.313, -20.843
500	(57600, 23100, 4400, 14900)	+36.272	+99.919, +36.272, -115.472, -20.720
600	(57600, 23200, 4300, 14900)	+36.450	+99.775, +36.450, -115.628, -20.597
Violations: 0

## random 89: seat3 gains from seat0
delta_pts	scores	player_ev	all_evs
0	(17000, 33000, 25000, 25000)	+7.245	-53.864, +44.269, +2.351, +7.245
100	(16900, 33000, 25000, 25100)	+7.770	-54.235, +44.207, +2.259, +7.770
200	(16800, 33000, 25000, 25200)	+8.290	-54.624, +44.150, +2.185, +8.290
300	(16700, 33000, 25000, 25300)	+8.793	-55.000, +44.089, +2.118, +8.793
400	(16600, 33000, 25000, 25400)	+9.291	-55.377, +44.021, +2.065, +9.291
500	(16500, 33000, 25000, 25500)	+9.821	-55.765, +43.932, +2.012, +9.821
600	(16400, 33000, 25000, 25600)	+10.352	-56.146, +43.835, +1.959, +10.352
Violations: 0

## random 90: seat1 gains from seat3
delta_pts	scores	player_ev	all_evs
0	(20600, 38000, 25100, 16300)	+91.525	-23.579, +91.525, +22.452, -90.398
100	(20600, 38100, 25100, 16200)	+91.867	-23.259, +91.867, +22.599, -91.207
200	(20600, 38200, 25100, 16100)	+92.315	-22.937, +92.315, +22.773, -92.151
300	(20600, 38300, 25100, 16000)	+92.831	-22.626, +92.831, +22.961, -93.165
400	(20600, 38400, 25100, 15900)	+93.329	-22.312, +93.329, +23.144, -94.162
500	(20600, 38500, 25100, 15800)	+93.806	-21.982, +93.806, +23.322, -95.146
600	(20600, 38600, 25100, 15700)	+94.274	-21.642, +94.274, +23.489, -96.122
Violations: 0

## random 91: seat2 gains from seat1
delta_pts	scores	player_ev	all_evs
0	(25000, 25000, 25000, 25000)	-0.158	+0.052, +0.507, -0.158, -0.401
100	(25000, 24900, 25100, 25000)	-0.158	+0.053, +0.504, -0.158, -0.399
200	(25000, 24800, 25200, 25000)	-0.159	+0.056, +0.501, -0.159, -0.398
300	(25000, 24700, 25300, 25000)	-0.159	+0.058, +0.497, -0.159, -0.396
400	(25000, 24600, 25400, 25000)	-0.159	+0.060, +0.493, -0.159, -0.394
500	(25000, 24500, 25500, 25000)	-0.160	+0.062, +0.490, -0.160, -0.392
600	(25000, 24400, 25600, 25000)	-0.160	+0.065, +0.485, -0.160, -0.390
Violations: 0

## random 92: seat2 gains from seat1
delta_pts	scores	player_ev	all_evs
0	(38200, 22300, 26200, 13300)	+22.585	+86.893, -8.328, +22.585, -101.150
100	(38200, 22200, 26300, 13300)	+23.073	+86.908, -9.108, +23.073, -100.873
200	(38200, 22100, 26400, 13300)	+23.559	+86.929, -9.916, +23.559, -100.572
300	(38200, 22000, 26500, 13300)	+24.038	+86.961, -10.731, +24.038, -100.267
400	(38200, 21900, 26600, 13300)	+24.512	+86.983, -11.527, +24.512, -99.968
500	(38200, 21800, 26700, 13300)	+24.981	+87.019, -12.362, +24.981, -99.638
600	(38200, 21700, 26800, 13300)	+25.445	+87.053, -13.201, +25.445, -99.298
Violations: 0

## random 93: seat3 gains from seat0
delta_pts	scores	player_ev	all_evs
0	(29400, 31100, 31600, 7900)	-135.980	+27.085, +45.600, +63.294, -135.980
100	(29300, 31100, 31600, 8000)	-135.829	+26.348, +45.898, +63.584, -135.829
200	(29200, 31100, 31600, 8100)	-135.676	+25.630, +46.183, +63.864, -135.676
300	(29100, 31100, 31600, 8200)	-135.519	+24.931, +46.451, +64.138, -135.519
400	(29000, 31100, 31600, 8300)	-135.366	+24.274, +46.682, +64.410, -135.366
500	(28900, 31100, 31600, 8400)	-135.209	+23.625, +46.910, +64.673, -135.209
600	(28800, 31100, 31600, 8500)	-135.049	+22.994, +47.128, +64.928, -135.049
Violations: 0

## random 94: seat1 gains from seat0
delta_pts	scores	player_ev	all_evs
0	(25000, 25000, 25000, 25000)	+0.507	+0.052, +0.507, -0.158, -0.401
100	(24900, 25100, 25000, 25000)	+0.513	+0.048, +0.513, -0.158, -0.404
200	(24800, 25200, 25000, 25000)	+0.518	+0.045, +0.518, -0.157, -0.406
300	(24700, 25300, 25000, 25000)	+0.525	+0.041, +0.525, -0.156, -0.409
400	(24600, 25400, 25000, 25000)	+0.532	+0.037, +0.532, -0.156, -0.413
500	(24500, 25500, 25000, 25000)	+0.539	+0.033, +0.539, -0.155, -0.417
600	(24400, 25600, 25000, 25000)	+0.547	+0.028, +0.547, -0.154, -0.421
Violations: 0

## random 95: seat0 gains from seat2
delta_pts	scores	player_ev	all_evs
0	(24000, 25800, 17400, 32800)	-7.950	-7.950, +7.862, -48.006, +48.094
100	(24100, 25800, 17300, 32800)	-6.943	-6.943, +7.688, -48.788, +48.043
200	(24200, 25800, 17200, 32800)	-5.911	-5.911, +7.500, -49.583, +47.994
300	(24300, 25800, 17100, 32800)	-4.888	-4.888, +7.327, -50.366, +47.927
400	(24400, 25800, 17000, 32800)	-3.933	-3.933, +7.179, -51.100, +47.854
500	(24500, 25800, 16900, 32800)	-2.961	-2.961, +7.028, -51.829, +47.762
600	(24600, 25800, 16800, 32800)	-2.010	-2.010, +6.874, -52.527, +47.662
Violations: 0

## random 96: seat0 gains from seat3
delta_pts	scores	player_ev	all_evs
0	(45800, 10000, 2500, 41700)	+86.577	+86.577, -49.089, -106.268, +68.780
100	(45900, 10000, 2500, 41600)	+87.044	+87.044, -49.051, -106.265, +68.272
200	(46000, 10000, 2500, 41500)	+87.515	+87.515, -49.012, -106.261, +67.758
300	(46100, 10000, 2500, 41400)	+87.984	+87.984, -48.979, -106.248, +67.242
400	(46200, 10000, 2500, 41300)	+88.453	+88.453, -48.945, -106.230, +66.722
500	(46300, 10000, 2500, 41200)	+88.905	+88.905, -48.908, -106.212, +66.215
600	(46400, 10000, 2500, 41100)	+89.350	+89.350, -48.868, -106.192, +65.711
Violations: 0

## random 97: seat1 gains from seat3
delta_pts	scores	player_ev	all_evs
0	(17900, 40800, 19400, 21900)	+70.564	-36.571, +70.564, -26.372, -7.621
100	(17900, 40900, 19400, 21800)	+70.902	-36.421, +70.902, -26.186, -8.295
200	(17900, 41000, 19400, 21700)	+71.239	-36.283, +71.239, -26.010, -8.946
300	(17900, 41100, 19400, 21600)	+71.566	-36.150, +71.566, -25.841, -9.574
400	(17900, 41200, 19400, 21500)	+71.889	-36.015, +71.889, -25.674, -10.201
500	(17900, 41300, 19400, 21400)	+72.216	-35.882, +72.216, -25.521, -10.813
600	(17900, 41400, 19400, 21300)	+72.540	-35.752, +72.540, -25.373, -11.414
Violations: 0

## random 98: seat1 gains from seat0
delta_pts	scores	player_ev	all_evs
0	(18000, 38300, 18900, 24800)	+67.722	-43.016, +67.722, -36.768, +12.061
100	(17900, 38400, 18900, 24800)	+68.285	-43.605, +68.285, -36.970, +12.289
200	(17800, 38500, 18900, 24800)	+68.842	-44.198, +68.842, -37.156, +12.512
300	(17700, 38600, 18900, 24800)	+69.388	-44.797, +69.388, -37.318, +12.727
400	(17600, 38700, 18900, 24800)	+69.928	-45.395, +69.928, -37.471, +12.939
500	(17500, 38800, 18900, 24800)	+70.465	-46.001, +70.465, -37.614, +13.150
600	(17400, 38900, 18900, 24800)	+71.055	-46.645, +71.055, -37.767, +13.357
Violations: 0

## random 99: seat0 gains from seat3
delta_pts	scores	player_ev	all_evs
0	(9300, 39400, 42300, 9000)	-65.622	-65.622, +69.272, +80.364, -84.014
100	(9400, 39400, 42300, 8900)	-64.841	-64.841, +69.416, +80.546, -85.121
200	(9500, 39400, 42300, 8800)	-64.010	-64.010, +69.553, +80.715, -86.258
300	(9600, 39400, 42300, 8700)	-63.152	-63.152, +69.691, +80.885, -87.424
400	(9700, 39400, 42300, 8600)	-62.277	-62.277, +69.816, +81.041, -88.580
500	(9800, 39400, 42300, 8500)	-61.351	-61.351, +69.925, +81.182, -89.756
600	(9900, 39400, 42300, 8400)	-60.406	-60.406, +70.018, +81.310, -90.922
Violations: 0

Total violations: 0
