# Monotonic EV sanity checks

Model: C:\Users\mattt\Documents\MatthewPrograms\RiichiMahjongPlacementEV\models\xgboost.json
Feature version: legacy
Target mode: residual_uma
Tolerance: 0.050

## S4 seat2 chases seat3 from 14400-15600
delta_pts	scores	player_ev	all_evs
0	(40000, 30000, 14400, 15600)	-101.576	+96.125, +53.920, -101.576, -48.469
100	(40000, 30000, 14500, 15500)	-105.607	+96.433, +54.098, -105.607, -44.924 VIOLATION
200	(40000, 30000, 14600, 15400)	-111.125	+97.841, +55.071, -111.125, -41.787 VIOLATION
300	(40000, 30000, 14700, 15300)	-121.791	+96.370, +53.633, -121.791, -28.212 VIOLATION
400	(40000, 30000, 14800, 15200)	-140.508	+96.732, +53.496, -140.508, -9.721 VIOLATION
500	(40000, 30000, 14900, 15100)	-146.156	+96.968, +53.748, -146.156, -4.559 VIOLATION
600	(40000, 30000, 15000, 15000)	-14.619	+98.227, +54.836, -14.619, -138.444
700	(40000, 30000, 15100, 14900)	-23.650	+99.876, +55.907, -23.650, -132.133 VIOLATION
800	(40000, 30000, 15200, 14800)	-27.864	+98.067, +54.215, -27.864, -124.418 VIOLATION
900	(40000, 30000, 15300, 14700)	-27.764	+98.067, +54.215, -27.764, -124.518
1000	(40000, 30000, 15400, 14600)	-33.895	+99.905, +56.053, -33.895, -122.063 VIOLATION
1100	(40000, 30000, 15500, 14500)	-44.648	+99.194, +56.651, -44.648, -111.197 VIOLATION
1200	(40000, 30000, 15600, 14400)	-47.703	+97.209, +54.287, -47.703, -103.793 VIOLATION
Violations: 10

## S1 seat2 chases seat3 from 14900-15100
delta_pts	scores	player_ev	all_evs
0	(35000, 35000, 14900, 15100)	-137.066	+91.541, +39.886, -137.066, +5.640
100	(35000, 35000, 15000, 15000)	-6.742	+93.155, +41.204, -6.742, -127.616
200	(35000, 35000, 15100, 14900)	-17.467	+95.669, +42.612, -17.467, -120.814 VIOLATION
300	(35000, 35000, 15200, 14800)	-21.940	+93.898, +40.877, -21.940, -112.835 VIOLATION
400	(35000, 35000, 15300, 14700)	-22.374	+93.989, +40.968, -22.374, -112.584 VIOLATION
Violations: 3

Total violations: 13
