# Monotonic EV sanity checks

Model: C:\Users\mattt\Documents\MatthewPrograms\RiichiMahjongPlacementEV\models\experiments\xgboost\v2\model.json
Feature version: v2
Target mode: direct_ev
Tolerance: 0.050

## S4 seat2 chases seat3 from 14400-15600
delta_pts	scores	player_ev	all_evs
0	(40000, 30000, 14400, 15600)	-92.927	+102.237, +53.546, -92.927, -62.856
100	(40000, 30000, 14500, 15500)	-90.748	+101.797, +53.106, -90.748, -64.155
200	(40000, 30000, 14600, 15400)	-90.161	+102.084, +53.393, -90.161, -65.316
300	(40000, 30000, 14700, 15300)	-88.562	+102.603, +53.912, -88.562, -67.954
400	(40000, 30000, 14800, 15200)	-88.336	+102.778, +54.087, -88.336, -68.529
500	(40000, 30000, 14900, 15100)	-86.696	+102.573, +53.882, -86.696, -69.759
600	(40000, 30000, 15000, 15000)	-74.563	+99.823, +51.132, -74.563, -76.392
700	(40000, 30000, 15100, 14900)	-68.543	+102.122, +53.431, -68.543, -87.010
800	(40000, 30000, 15200, 14800)	-67.177	+102.265, +53.574, -67.177, -88.661
900	(40000, 30000, 15300, 14700)	-66.537	+102.051, +53.361, -66.537, -88.875
1000	(40000, 30000, 15400, 14600)	-64.677	+101.720, +53.029, -64.677, -90.072
1100	(40000, 30000, 15500, 14500)	-63.352	+101.379, +52.688, -63.352, -90.715
1200	(40000, 30000, 15600, 14400)	-62.307	+101.984, +53.294, -62.307, -92.971
Violations: 0

## S1 seat2 chases seat3 from 14900-15100
delta_pts	scores	player_ev	all_evs
0	(35000, 35000, 14900, 15100)	-67.994	+65.712, +63.688, -67.994, -61.406
100	(35000, 35000, 15000, 15000)	-64.760	+64.588, +62.642, -64.760, -62.471
200	(35000, 35000, 15100, 14900)	-63.703	+65.528, +63.582, -63.703, -65.406
300	(35000, 35000, 15200, 14800)	-63.223	+65.398, +63.452, -63.223, -65.626
400	(35000, 35000, 15300, 14700)	-63.037	+65.576, +63.630, -63.037, -66.170
Violations: 0

Total violations: 0
