# Monotonic EV sanity checks

Model: C:\Users\mattt\Documents\MatthewPrograms\RiichiMahjongPlacementEV\models\experiments\xgboost\v1\model.json
Feature version: v1
Target mode: residual_uma
Tolerance: 0.050

## S4 seat2 chases seat3 from 14400-15600
delta_pts	scores	player_ev	all_evs
0	(40000, 30000, 14400, 15600)	-90.326	+100.002, +52.843, -90.326, -62.519
100	(40000, 30000, 14500, 15500)	-87.157	+99.992, +52.618, -87.157, -65.452
200	(40000, 30000, 14600, 15400)	-87.132	+100.039, +52.698, -87.132, -65.606
300	(40000, 30000, 14700, 15300)	-86.323	+100.166, +52.824, -86.323, -66.667
400	(40000, 30000, 14800, 15200)	-85.092	+100.090, +52.194, -85.092, -67.193
500	(40000, 30000, 14900, 15100)	-82.100	+99.771, +51.468, -82.100, -69.140
600	(40000, 30000, 15000, 15000)	-60.906	+99.530, +51.440, -60.906, -90.064
700	(40000, 30000, 15100, 14900)	-62.730	+99.965, +51.718, -62.730, -88.954 VIOLATION
800	(40000, 30000, 15200, 14800)	-59.666	+99.824, +51.951, -59.666, -92.109
900	(40000, 30000, 15300, 14700)	-59.730	+99.679, +52.417, -59.730, -92.366 VIOLATION
1000	(40000, 30000, 15400, 14600)	-58.722	+99.599, +52.336, -58.722, -93.213
1100	(40000, 30000, 15500, 14500)	-57.372	+99.486, +52.197, -57.372, -94.312
1200	(40000, 30000, 15600, 14400)	-56.864	+99.739, +52.711, -56.864, -95.586
Violations: 2

## S1 seat2 chases seat3 from 14900-15100
delta_pts	scores	player_ev	all_evs
0	(35000, 35000, 14900, 15100)	-43.219	+63.266, +64.786, -43.219, -84.833
100	(35000, 35000, 15000, 15000)	-69.189	+68.512, +68.489, -69.189, -67.812 VIOLATION
200	(35000, 35000, 15100, 14900)	-68.519	+68.635, +70.109, -68.519, -70.225
300	(35000, 35000, 15200, 14800)	-68.617	+68.147, +69.744, -68.617, -69.275 VIOLATION
400	(35000, 35000, 15300, 14700)	-68.527	+67.191, +69.519, -68.527, -68.183
Violations: 2

Total violations: 4
