# Monotonic EV sanity checks

Model: C:\Users\mattt\Documents\MatthewPrograms\RiichiMahjongPlacementEV\models\experiments\sklearn_nn\joint_v1\model.joblib
Feature version: nn_joint_v1
Target mode: joint_direct_ev
Tolerance: 0.050

## S4 seat2 chases seat3 from 14400-15600
delta_pts	scores	player_ev	all_evs
0	(40000, 30000, 14400, 15600)	-85.864	+102.864, +49.436, -85.864, -66.437
100	(40000, 30000, 14500, 15500)	-83.767	+103.073, +49.713, -83.767, -69.019
200	(40000, 30000, 14600, 15400)	-81.666	+103.282, +49.989, -81.666, -71.605
300	(40000, 30000, 14700, 15300)	-79.517	+103.483, +50.253, -79.517, -74.219
400	(40000, 30000, 14800, 15200)	-77.353	+103.665, +50.504, -77.353, -76.816
500	(40000, 30000, 14900, 15100)	-75.171	+103.826, +50.740, -75.171, -79.395
600	(40000, 30000, 15000, 15000)	-72.990	+103.988, +50.976, -72.990, -81.974
700	(40000, 30000, 15100, 14900)	-70.781	+103.792, +50.827, -70.781, -83.837
800	(40000, 30000, 15200, 14800)	-68.572	+103.595, +50.678, -68.572, -85.701
900	(40000, 30000, 15300, 14700)	-66.363	+103.399, +50.530, -66.363, -87.565
1000	(40000, 30000, 15400, 14600)	-64.140	+103.198, +50.379, -64.140, -89.437
1100	(40000, 30000, 15500, 14500)	-61.916	+102.999, +50.227, -61.916, -91.311
1200	(40000, 30000, 15600, 14400)	-59.660	+102.797, +50.064, -59.660, -93.201
Violations: 0

## S1 seat2 chases seat3 from 14900-15100
delta_pts	scores	player_ev	all_evs
0	(35000, 35000, 14900, 15100)	-71.038	+67.342, +64.564, -71.038, -60.868
100	(35000, 35000, 15000, 15000)	-70.211	+67.388, +64.618, -70.211, -61.795
200	(35000, 35000, 15100, 14900)	-69.251	+67.260, +64.566, -69.251, -62.575
300	(35000, 35000, 15200, 14800)	-68.292	+67.132, +64.515, -68.292, -63.355
400	(35000, 35000, 15300, 14700)	-67.332	+67.005, +64.463, -67.332, -64.135
Violations: 0

Total violations: 0
