# Monotonic EV sanity checks

Model: C:\Users\mattt\Documents\MatthewPrograms\RiichiMahjongPlacementEV\models\experiments\torch_nn\joint_v1_smoke\model.pt
Feature version: torch_joint_v1
Target mode: joint_direct_ev_zero_sum
Tolerance: 0.050
Random cases: 5

## S4 seat2 chases seat3 from 14400-15600
delta_pts	scores	player_ev	all_evs
0	(40000, 30000, 14400, 15600)	-65.699	+90.965, +24.019, -65.699, -49.284
100	(40000, 30000, 14500, 15500)	-65.026	+90.981, +23.883, -65.026, -49.838
200	(40000, 30000, 14600, 15400)	-64.337	+91.011, +23.738, -64.337, -50.412
300	(40000, 30000, 14700, 15300)	-63.641	+91.037, +23.592, -63.641, -50.988
400	(40000, 30000, 14800, 15200)	-62.939	+91.059, +23.444, -62.939, -51.564
500	(40000, 30000, 14900, 15100)	-62.222	+91.096, +23.268, -62.222, -52.142
600	(40000, 30000, 15000, 15000)	-61.570	+91.189, +23.025, -61.570, -52.644
700	(40000, 30000, 15100, 14900)	-60.970	+91.659, +22.931, -60.970, -53.620
800	(40000, 30000, 15200, 14800)	-60.364	+92.125, +22.835, -60.364, -54.597
900	(40000, 30000, 15300, 14700)	-59.751	+92.586, +22.729, -59.751, -55.564
1000	(40000, 30000, 15400, 14600)	-59.119	+93.033, +22.564, -59.119, -56.478
1100	(40000, 30000, 15500, 14500)	-58.483	+93.476, +22.398, -58.483, -57.391
1200	(40000, 30000, 15600, 14400)	-57.842	+93.915, +22.231, -57.842, -58.303
Violations: 0

## S1 seat2 chases seat3 from 14900-15100
delta_pts	scores	player_ev	all_evs
0	(35000, 35000, 14900, 15100)	-65.137	+45.229, +93.939, -65.137, -74.032
100	(35000, 35000, 15000, 15000)	-64.285	+45.367, +93.982, -64.285, -75.063
200	(35000, 35000, 15100, 14900)	-63.939	+45.632, +94.272, -63.939, -75.965
300	(35000, 35000, 15200, 14800)	-63.606	+45.910, +94.541, -63.606, -76.845
400	(35000, 35000, 15300, 14700)	-63.212	+46.173, +94.770, -63.212, -77.731
Violations: 0

## random 0: seat0 gains from seat1
delta_pts	scores	player_ev	all_evs
0	(25000, 30200, 25000, 19800)	+7.821	+7.821, +25.142, -8.200, -24.763
100	(25100, 30100, 25000, 19800)	+8.367	+8.367, +25.263, -8.657, -24.973
200	(25200, 30000, 25000, 19800)	+9.016	+9.016, +25.352, -9.121, -25.246
300	(25300, 29900, 25000, 19800)	+9.568	+9.568, +25.356, -9.375, -25.548
400	(25400, 29800, 25000, 19800)	+10.171	+10.171, +25.418, -9.699, -25.890
500	(25500, 29700, 25000, 19800)	+10.815	+10.815, +25.442, -10.043, -26.213
600	(25600, 29600, 25000, 19800)	+11.383	+11.383, +25.357, -10.315, -26.425
Violations: 0

## random 1: seat2 gains from seat0
delta_pts	scores	player_ev	all_evs
0	(20700, 16500, 42100, 20700)	+121.870	-30.774, -13.737, +121.870, -77.359
100	(20600, 16500, 42200, 20700)	+122.589	-31.733, -13.567, +122.589, -77.289
200	(20500, 16500, 42300, 20700)	+123.437	-32.687, -13.465, +123.437, -77.285
300	(20400, 16500, 42400, 20700)	+124.326	-33.744, -13.388, +124.326, -77.194
400	(20300, 16500, 42500, 20700)	+125.187	-34.810, -13.331, +125.187, -77.046
500	(20200, 16500, 42600, 20700)	+126.003	-35.839, -13.278, +126.003, -76.886
600	(20100, 16500, 42700, 20700)	+126.804	-36.861, -13.224, +126.804, -76.718
Violations: 0

## random 2: seat1 gains from seat0
delta_pts	scores	player_ev	all_evs
0	(25000, 25000, 25000, 25000)	+11.466	-9.108, +11.466, +4.981, -7.338
100	(24900, 25100, 25000, 25000)	+11.890	-9.522, +11.890, +4.747, -7.115
200	(24800, 25200, 25000, 25000)	+12.338	-9.973, +12.338, +4.517, -6.883
300	(24700, 25300, 25000, 25000)	+12.787	-10.424, +12.787, +4.288, -6.651
400	(24600, 25400, 25000, 25000)	+13.236	-10.876, +13.236, +4.058, -6.418
500	(24500, 25500, 25000, 25000)	+13.704	-11.413, +13.704, +3.861, -6.153
600	(24400, 25600, 25000, 25000)	+14.162	-12.018, +14.162, +3.754, -5.898
Violations: 0

## random 3: seat0 gains from seat3
delta_pts	scores	player_ev	all_evs
0	(36400, 24100, 29900, 9600)	+67.239	+67.239, +35.337, +20.288, -122.864
100	(36500, 24100, 29900, 9500)	+67.464	+67.464, +35.454, +20.402, -123.320
200	(36600, 24100, 29900, 9400)	+67.682	+67.682, +35.568, +20.514, -123.765
300	(36700, 24100, 29900, 9300)	+67.891	+67.891, +35.676, +20.669, -124.236
400	(36800, 24100, 29900, 9200)	+68.086	+68.086, +35.771, +20.927, -124.785
500	(36900, 24100, 29900, 9100)	+68.276	+68.276, +35.864, +21.182, -125.323
600	(37000, 24100, 29900, 9000)	+68.461	+68.461, +35.955, +21.434, -125.849
Violations: 0

## random 4: seat0 gains from seat3
delta_pts	scores	player_ev	all_evs
0	(25000, 25000, 25000, 25000)	-9.108	-9.108, +11.466, +4.981, -7.338
100	(25100, 25000, 25000, 24900)	-8.600	-8.600, +11.641, +5.208, -8.249
200	(25200, 25000, 25000, 24800)	-8.022	-8.022, +11.756, +5.429, -9.162
300	(25300, 25000, 25000, 24700)	-7.431	-7.431, +11.865, +5.650, -10.084
400	(25400, 25000, 25000, 24600)	-6.833	-6.833, +11.973, +5.873, -11.013
500	(25500, 25000, 25000, 24500)	-6.228	-6.228, +12.078, +6.092, -11.942
600	(25600, 25000, 25000, 24400)	-5.584	-5.584, +12.147, +6.290, -12.853
Violations: 0

Total violations: 0
